TITLE = "Temporal Signal for receiver number 00006"
VARIABLES = "Time","xx","yy","zz","xy","yz","xz","u","v","w"
# x1       7348.0
# x2       7348.0
# x3       0.1
0.0 0.0 0.0 0.0 0.0 0.0 0.0 -0.0001539934 -0.0001539926 -9.531177e-05
0.02 0.0 0.0 0.0 0.0 0.0 0.0 -0.0001520712 -0.0001520718 -7.568832e-05
0.04 0.0 0.0 0.0 0.0 0.0 0.0 -0.0001352646 -0.0001352654 5.426444e-05
0.06 0.0 0.0 0.0 0.0 0.0 0.0 -0.0001666915 -0.0001666899 0.0002749367
0.08 0.0 0.0 0.0 0.0 0.0 0.0 -0.0002393795 -0.0002393765 0.0002461608
0.1 0.0 0.0 0.0 0.0 0.0 0.0 -0.0002342658 -0.0002342654 -2.870874e-05
0.12 0.0 0.0 0.0 0.0 0.0 0.0 -0.0002024477 -0.0002024448 -0.0003413296
0.14 0.0 0.0 0.0 0.0 0.0 0.0 -0.0002125915 -0.0002125899 -0.0005218032
0.16 0.0 0.0 0.0 0.0 0.0 0.0 -0.0001790272 -0.0001790251 -0.0005432233
0.18 0.0 0.0 0.0 0.0 0.0 0.0 -0.0001100806 -0.0001100787 -0.0004643765
0.2 0.0 0.0 0.0 0.0 0.0 0.0 -0.0001137582 -0.0001137589 -0.0004474663
0.22 0.0 0.0 0.0 0.0 0.0 0.0 -7.559302e-05 -7.559347e-05 -0.0005499394
0.24 0.0 0.0 0.0 0.0 0.0 0.0 2.19474e-05 2.194919e-05 -0.0007171386
0.26 0.0 0.0 0.0 0.0 0.0 0.0 6.362931e-05 6.363125e-05 -0.0008200368
0.28 0.0 0.0 0.0 0.0 0.0 0.0 6.899135e-05 6.89939e-05 -0.000741796
0.3 0.0 0.0 0.0 0.0 0.0 0.0 5.849711e-05 5.850023e-05 -0.0004720448
0.32 0.0 0.0 0.0 0.0 0.0 0.0 6.242757e-05 6.243016e-05 -0.0001634073
0.34 0.0 0.0 0.0 0.0 0.0 0.0 6.247858e-05 6.248107e-05 0.0001141309
0.36 0.0 0.0 0.0 0.0 0.0 0.0 1.651817e-05 1.651835e-05 0.0003355678
0.38 0.0 0.0 0.0 0.0 0.0 0.0 1.320647e-05 1.320457e-05 0.0003740697
0.4 0.0 0.0 0.0 0.0 0.0 0.0 3.972555e-05 3.972064e-05 0.0004043862
0.42 0.0 0.0 0.0 0.0 0.0 0.0 4.830167e-05 4.829831e-05 0.0003927441
0.44 0.0 0.0 0.0 0.0 0.0 0.0 5.791828e-05 5.791559e-05 0.0002753969
0.46 0.0 0.0 0.0 0.0 0.0 0.0 3.784186e-05 3.783869e-05 0.0001901157
0.48 0.0 0.0 0.0 0.0 0.0 0.0 4.023467e-06 4.019886e-06 0.0002055809
0.5 0.0 0.0 0.0 0.0 0.0 0.0 -1.60512e-05 -1.605377e-05 0.0003490063
0.52 0.0 0.0 0.0 0.0 0.0 0.0 2.022855e-05 2.022675e-05 0.0004136994
0.54 0.0 0.0 0.0 0.0 0.0 0.0 4.506236e-05 4.506026e-05 0.0003069576
0.56 0.0 0.0 0.0 0.0 0.0 0.0 3.301659e-05 3.301425e-05 3.664874e-05
0.58 0.0 0.0 0.0 0.0 0.0 0.0 1.743275e-05 1.743023e-05 -0.0002352572
0.6 0.0 0.0 0.0 0.0 0.0 0.0 8.548865e-06 8.546909e-06 -0.0002881896
0.62 0.0 0.0 0.0 0.0 0.0 0.0 2.227352e-05 2.227163e-05 -0.0001289839
0.64 0.0 0.0 0.0 0.0 0.0 0.0 -1.204804e-05 -1.204942e-05 2.026837e-05
0.66 0.0 0.0 0.0 0.0 0.0 0.0 -3.210313e-05 -3.210421e-05 9.462937e-05
0.68 0.0 0.0 0.0 0.0 0.0 0.0 3.030144e-05 3.030056e-05 0.0002100539
0.7000000000000001 0.0 0.0 0.0 0.0 0.0 0.0 -3.019261e-05 -3.019406e-05 0.0002893123
0.72 0.0 0.0 0.0 0.0 0.0 0.0 -6.785452e-05 -6.785554e-05 0.0001882287
0.74 0.0 0.0 0.0 0.0 0.0 0.0 -8.54527e-05 -8.545369e-05 1.699998e-05
0.76 0.0 0.0 0.0 0.0 0.0 0.0 -5.46599e-05 -5.466e-05 -4.523719e-05
0.78 0.0 0.0 0.0 0.0 0.0 0.0 -3.031371e-05 -3.031203e-05 -6.616379e-05
0.8 0.0 0.0 0.0 0.0 0.0 0.0 4.961982e-05 4.96216e-05 -0.0001581299
0.8200000000000001 0.0 0.0 0.0 0.0 0.0 0.0 8.448637e-05 8.44869e-05 -0.000124383
0.84 0.0 0.0 0.0 0.0 0.0 0.0 5.834138e-05 5.834279e-05 0.0001576225
0.86 0.0 0.0 0.0 0.0 0.0 0.0 3.238224e-05 3.238595e-05 0.0002380871
0.88 0.0 0.0 0.0 0.0 0.0 0.0 8.594956e-05 8.595431e-05 -5.485483e-06
0.9 0.0 0.0 0.0 0.0 0.0 0.0 5.723538e-05 5.724013e-05 -0.0001739139
0.92 0.0 0.0 0.0 0.0 0.0 0.0 -3.710962e-06 -3.707883e-06 -0.0003467345
0.9400000000000001 0.0 0.0 0.0 0.0 0.0 0.0 2.016798e-05 2.017156e-05 -0.000504335
0.96 0.0 0.0 0.0 0.0 0.0 0.0 3.652907e-05 3.653233e-05 -0.0005393563
0.98 0.0 0.0 0.0 0.0 0.0 0.0 -2.330411e-05 -2.330262e-05 -0.0004025013
1.0 0.0 0.0 0.0 0.0 0.0 0.0 -3.612377e-05 -3.612241e-05 -0.0001605062
1.02 0.0 0.0 0.0 0.0 0.0 0.0 -0.0001139762 -0.0001139741 3.475779e-05
1.04 0.0 0.0 0.0 0.0 0.0 0.0 -0.0001606175 -0.0001606143 0.0001458081
1.06 0.0 0.0 0.0 0.0 0.0 0.0 -9.725182e-05 -9.724849e-05 0.0001780947
1.08 0.0 0.0 0.0 0.0 0.0 0.0 -8.672539e-05 -8.672242e-05 0.0001235184
1.1 0.0 0.0 0.0 0.0 0.0 0.0 -0.0001122176 -0.0001122161 9.956643e-05
1.12 0.0 0.0 0.0 0.0 0.0 0.0 -0.0001185602 -0.0001185595 8.626304e-05
1.1400000000000001 0.0 0.0 0.0 0.0 0.0 0.0 -9.414578e-05 -9.414585e-05 5.14975e-06
1.16 0.0 0.0 0.0 0.0 0.0 0.0 -1.46056e-05 -1.460678e-05 -0.00018922
1.18 0.0 0.0 0.0 0.0 0.0 0.0 5.042029e-05 5.042055e-05 -0.0002891391
1.2 0.0 0.0 0.0 0.0 0.0 0.0 0.0001024705 0.0001024671 -0.0003235297
1.22 0.0 0.0 0.0 0.0 0.0 0.0 0.0001081566 0.0001081529 -0.0002173341
1.24 0.0 0.0 0.0 0.0 0.0 0.0 5.427713e-05 5.427446e-05 4.084215e-06
1.26 0.0 0.0 0.0 0.0 0.0 0.0 3.833199e-05 3.832986e-05 0.0003430812
1.28 0.0 0.0 0.0 0.0 0.0 0.0 9.998177e-05 9.998038e-05 0.0006766311
1.3 0.0 0.0 0.0 0.0 0.0 0.0 0.0001619676 0.0001619678 0.0008582788
1.32 0.0 0.0 0.0 0.0 0.0 0.0 0.000152741 0.0001527437 0.0009102136
1.34 0.0 0.0 0.0 0.0 0.0 0.0 0.0001407135 0.0001407182 0.0007010229
1.36 0.0 0.0 0.0 0.0 0.0 0.0 0.0001222154 0.0001222192 0.0003977208
1.3800000000000001 0.0 0.0 0.0 0.0 0.0 0.0 5.905706e-05 5.906054e-05 0.0001774231
1.4000000000000001 0.0 0.0 0.0 0.0 0.0 0.0 6.567165e-05 6.5674e-05 -5.18244e-05
1.42 0.0 0.0 0.0 0.0 0.0 0.0 0.0001078291 0.000107831 -0.0001990754
1.44 0.0 0.0 0.0 0.0 0.0 0.0 0.0001180679 0.0001180688 -0.0002289076
1.46 0.0 0.0 0.0 0.0 0.0 0.0 1.995533e-05 1.995548e-05 -0.0002177653
1.48 0.0 0.0 0.0 0.0 0.0 0.0 -0.0001037087 -0.0001037083 -0.0003213366
1.5 0.0 0.0 0.0 0.0 0.0 0.0 -0.000109944 -0.0001099444 -0.0004451575
1.52 0.0 0.0 0.0 0.0 0.0 0.0 -0.0001408242 -0.0001408259 -0.0005368695
1.54 0.0 0.0 0.0 0.0 0.0 0.0 -0.0001751698 -0.0001751715 -0.0005557765
1.56 0.0 0.0 0.0 0.0 0.0 0.0 -0.0001387824 -0.0001387836 -0.0005052977
1.58 0.0 0.0 0.0 0.0 0.0 0.0 -8.446587e-05 -8.446836e-05 -0.0003362131
1.6 0.0 0.0 0.0 0.0 0.0 0.0 -0.0001324274 -0.0001324288 -0.0001426469
1.62 0.0 0.0 0.0 0.0 0.0 0.0 -0.0001704577 -0.000170459 -2.013705e-05
1.6400000000000001 0.0 0.0 0.0 0.0 0.0 0.0 -0.0001968839 -0.0001968836 -9.767603e-05
1.6600000000000001 0.0 0.0 0.0 0.0 0.0 0.0 -0.0001877541 -0.0001877538 -0.0003151537
1.68 0.0 0.0 0.0 0.0 0.0 0.0 -0.0001000464 -0.0001000462 -0.000348172
1.7 0.0 0.0 0.0 0.0 0.0 0.0 2.578227e-06 2.577528e-06 -0.0001674299
1.72 0.0 0.0 0.0 0.0 0.0 0.0 1.084383e-05 1.084459e-05 -8.84363e-06
1.74 0.0 0.0 0.0 0.0 0.0 0.0 7.801388e-05 7.801366e-05 0.0001318742
1.76 0.0 0.0 0.0 0.0 0.0 0.0 8.241269e-05 8.241408e-05 0.0005885421
1.78 0.0 0.0 0.0 0.0 0.0 0.0 3.401598e-05 3.401716e-05 0.0006804959
1.8 0.0 0.0 0.0 0.0 0.0 0.0 3.897001e-05 3.897117e-05 0.0005219354
1.82 0.0 0.0 0.0 0.0 0.0 0.0 0.0001276378 0.0001276396 0.0003116256
1.84 0.0 0.0 0.0 0.0 0.0 0.0 0.0002130877 0.0002130902 0.0002711708
1.86 0.0 0.0 0.0 0.0 0.0 0.0 0.0002273453 0.0002273478 0.0003114688
1.8800000000000001 0.0 0.0 0.0 0.0 0.0 0.0 0.0001967042 0.0001967065 0.0003005886
1.9000000000000001 0.0 0.0 0.0 0.0 0.0 0.0 9.06014e-05 9.060106e-05 6.823031e-05
1.92 0.0 0.0 0.0 0.0 0.0 0.0 0.06252645 0.06252645 -0.1101521
1.94 0.0 0.0 0.0 0.0 0.0 0.0 0.3496922 0.3496922 -0.6048826
1.96 0.0 0.0 0.0 0.0 0.0 0.0 0.3076832 0.3076832 -0.514713
1.98 0.0 0.0 0.0 0.0 0.0 0.0 0.2654121 0.2654121 -0.4267984
2.0 0.0 0.0 0.0 0.0 0.0 0.0 0.2261185 0.2261185 -0.3466961
2.02 0.0 0.0 0.0 0.0 0.0 0.0 0.1905381 0.1905381 -0.2755178
2.04 0.0 0.0 0.0 0.0 0.0 0.0 0.1589604 0.1589604 -0.213416
2.06 0.0 0.0 0.0 0.0 0.0 0.0 0.1313361 0.1313361 -0.1600821
2.08 0.0 0.0 0.0 0.0 0.0 0.0 0.1075564 0.1075563 -0.1147623
2.1 0.0 0.0 0.0 0.0 0.0 0.0 0.08728863 0.08728862 -0.0765416
2.12 0.0 0.0 0.0 0.0 0.0 0.0 0.07009393 0.07009392 -0.04475449
2.14 0.0 0.0 0.0 0.0 0.0 0.0 0.05562223 0.05562223 -0.01849568
2.16 0.0 0.0 0.0 0.0 0.0 0.0 0.04549433 0.04549432 -0.0003283777
2.18 0.0 0.0 0.0 0.0 0.0 0.0 0.03860154 0.03860154 0.01201736
2.2 0.0 0.0 0.0 0.0 0.0 0.0 0.03012258 0.03012259 0.02641596
2.22 0.0 0.0 0.0 0.0 0.0 0.0 0.3396786 0.3396786 0.1846338
2.24 0.0 0.0 0.0 0.0 0.0 0.0 0.3140153 0.3140153 0.1911521
2.2600000000000002 0.0 0.0 0.0 0.0 0.0 0.0 0.2705933 0.2705933 0.187504
2.2800000000000002 0.0 0.0 0.0 0.0 0.0 0.0 0.2300777 0.2300777 0.1826623
2.3000000000000003 0.0 0.0 0.0 0.0 0.0 0.0 0.1300227 0.1300227 0.288832
2.32 0.0 0.0 0.0 0.0 0.0 0.0 0.02489443 0.02489444 0.4079775
2.34 0.0 0.0 0.0 0.0 0.0 0.0 0.02475699 0.02475699 0.3495088
2.36 0.0 0.0 0.0 0.0 0.0 0.0 0.03748428 0.03748428 0.2773462
2.38 0.0 0.0 0.0 0.0 0.0 0.0 0.05454467 0.05454467 0.2061895
2.4 0.0 0.0 0.0 0.0 0.0 0.0 0.07122252 0.07122252 0.1433857
2.42 0.0 0.0 0.0 0.0 0.0 0.0 0.08509388 0.08509388 0.09172325
2.44 0.0 0.0 0.0 0.0 0.0 0.0 0.09623307 0.09623306 0.05225642
2.46 0.0 0.0 0.0 0.0 0.0 0.0 0.1059966 0.1059966 0.02503035
2.48 0.0 0.0 0.0 0.0 0.0 0.0 0.1096096 0.1096096 0.006267841
2.5 0.0 0.0 0.0 0.0 0.0 0.0 0.1082351 0.1082352 -0.005525911
2.52 0.0 0.0 0.0 0.0 0.0 0.0 0.1041722 0.1041722 -0.01251639
2.54 0.0 0.0 0.0 0.0 0.0 0.0 0.1157716 0.1157716 -0.0454021
2.56 0.0 0.0 0.0 0.0 0.0 0.0 0.12823 0.12823 -0.07752026
2.58 0.0 0.0 0.0 0.0 0.0 0.0 0.1473117 0.1473117 -0.1508462
2.6 0.0 0.0 0.0 0.0 0.0 0.0 0.1958293 0.1958293 -0.3702286
2.62 0.0 0.0 0.0 0.0 0.0 0.0 0.1729442 0.1729441 -0.3208073
2.64 0.0 0.0 0.0 0.0 0.0 0.0 0.1397713 0.1397713 -0.2250875
2.66 0.0 0.0 0.0 0.0 0.0 0.0 0.1019817 0.1019817 -0.112795
2.68 0.0 0.0 0.0 0.0 0.0 0.0 0.08816273 0.08816273 -0.04602434
2.7 0.0 0.0 0.0 0.0 0.0 0.0 0.04653548 0.04653548 0.06167018
2.72 0.0 0.0 0.0 0.0 0.0 0.0 -0.008513394 -0.008513394 0.1827501
2.74 0.0 0.0 0.0 0.0 0.0 0.0 -0.0545803 -0.05458029 0.2759836
2.7600000000000002 0.0 0.0 0.0 0.0 0.0 0.0 -0.1576894 -0.1576894 0.3946458
2.7800000000000002 0.0 0.0 0.0 0.0 0.0 0.0 -0.1162384 -0.1162384 0.3741048
2.8000000000000003 0.0 0.0 0.0 0.0 0.0 0.0 -0.07566154 -0.07566154 0.3433291
2.82 0.0 0.0 0.0 0.0 0.0 0.0 -0.01411476 -0.01411476 0.2749339
2.84 0.0 0.0 0.0 0.0 0.0 0.0 0.05477283 0.05477283 0.1988756
2.86 0.0 0.0 0.0 0.0 0.0 0.0 0.02202626 0.02202626 0.2293355
2.88 0.0 0.0 0.0 0.0 0.0 0.0 0.1143734 0.1143734 0.3602369
2.9 0.0 0.0 0.0 0.0 0.0 0.0 0.1743401 0.1743401 0.303037
2.92 0.0 0.0 0.0 0.0 0.0 0.0 0.1574611 0.1574611 0.2908715
2.94 0.0 0.0 0.0 0.0 0.0 0.0 0.1384242 0.1384242 0.2416462
2.96 0.0 0.0 0.0 0.0 0.0 0.0 0.1018016 0.1018016 0.2250144
2.98 0.0 0.0 0.0 0.0 0.0 0.0 0.08278787 0.08278787 0.160968
3.0 0.0 0.0 0.0 0.0 0.0 0.0 0.09642238 0.09642239 0.02150199
3.02 0.0 0.0 0.0 0.0 0.0 0.0 0.09881382 0.09881383 -0.07347847
3.04 0.0 0.0 0.0 0.0 0.0 0.0 0.0868648 0.0868648 -0.1145767
3.06 0.0 0.0 0.0 0.0 0.0 0.0 0.04962823 0.04962823 -0.09301103
3.08 0.0 0.0 0.0 0.0 0.0 0.0 -0.03817123 -0.03817124 0.0003928938
3.1 0.0 0.0 0.0 0.0 0.0 0.0 -0.03041472 -0.03041473 0.02179285
3.12 0.0 0.0 0.0 0.0 0.0 0.0 0.02268755 0.02268754 0.03894973
3.14 0.0 0.0 0.0 0.0 0.0 0.0 0.04186729 0.04186729 0.0660491
3.16 0.0 0.0 0.0 0.0 0.0 0.0 0.0699734 0.06997339 0.1154725
3.18 0.0 0.0 0.0 0.0 0.0 0.0 0.1092035 0.1092035 0.1232314
3.2 0.0 0.0 0.0 0.0 0.0 0.0 0.2509788 0.2509788 0.0395058
3.22 0.0 0.0 0.0 0.0 0.0 0.0 0.4343086 0.4343086 -0.0913628
3.24 0.0 0.0 0.0 0.0 0.0 0.0 0.0208661 0.0208661 0.172652
3.2600000000000002 0.0 0.0 0.0 0.0 0.0 0.0 -0.1496174 -0.1496174 0.3068778
3.2800000000000002 0.0 0.0 0.0 0.0 0.0 0.0 -0.01908217 -0.01908217 0.3264877
3.3000000000000003 0.0 0.0 0.0 0.0 0.0 0.0 0.04918387 0.04918387 0.39386
3.3200000000000003 0.0 0.0 0.0 0.0 0.0 0.0 0.09440509 0.09440509 0.4134078
3.34 0.0 0.0 0.0 0.0 0.0 0.0 0.1386506 0.1386506 0.3615733
3.36 0.0 0.0 0.0 0.0 0.0 0.0 0.1092227 0.1092227 0.3706796
3.38 0.0 0.0 0.0 0.0 0.0 0.0 0.09284867 0.09284867 0.3223686
3.4 0.0 0.0 0.0 0.0 0.0 0.0 0.1087086 0.1087086 0.1921621
3.42 0.0 0.0 0.0 0.0 0.0 0.0 0.05861993 0.05861993 0.1596918
3.44 0.0 0.0 0.0 0.0 0.0 0.0 -0.1136714 -0.1136714 0.313309
3.46 0.0 0.0 0.0 0.0 0.0 0.0 -0.2886359 -0.2886359 0.2110752
3.48 0.0 0.0 0.0 0.0 0.0 0.0 -0.357445 -0.357445 0.01026639
3.5 0.0 0.0 0.0 0.0 0.0 0.0 -0.381169 -0.381169 -0.1401724
3.52 0.0 0.0 0.0 0.0 0.0 0.0 -0.3920023 -0.3920023 -0.2228822
3.54 0.0 0.0 0.0 0.0 0.0 0.0 -0.3491398 -0.3491398 -0.2880387
3.56 0.0 0.0 0.0 0.0 0.0 0.0 -0.376503 -0.376503 -0.3338975
3.58 0.0 0.0 0.0 0.0 0.0 0.0 -0.4031119 -0.4031119 -0.3990599
3.6 0.0 0.0 0.0 0.0 0.0 0.0 -0.4087808 -0.4087808 -0.4652156
3.62 0.0 0.0 0.0 0.0 0.0 0.0 -0.4724449 -0.4724449 -0.4435
3.64 0.0 0.0 0.0 0.0 0.0 0.0 -0.7377436 -0.7377436 -0.2970842
3.66 0.0 0.0 0.0 0.0 0.0 0.0 -0.627433 -0.6274331 -0.3430312
3.68 0.0 0.0 0.0 0.0 0.0 0.0 -0.5583002 -0.5583002 -0.3003324
3.7 0.0 0.0 0.0 0.0 0.0 0.0 -0.5194619 -0.5194619 -0.2099822
3.72 0.0 0.0 0.0 0.0 0.0 0.0 -0.5004167 -0.5004167 -0.111151
3.74 0.0 0.0 0.0 0.0 0.0 0.0 -0.525854 -0.525854 0.009790215
3.7600000000000002 0.0 0.0 0.0 0.0 0.0 0.0 0.04219612 0.04219612 -0.5571581
3.7800000000000002 0.0 0.0 0.0 0.0 0.0 0.0 0.2203667 0.2203667 -0.6131674
3.8000000000000003 0.0 0.0 0.0 0.0 0.0 0.0 0.248501 0.248501 -0.5542497
3.8200000000000003 0.0 0.0 0.0 0.0 0.0 0.0 0.2563739 0.2563739 -0.4652229
3.84 0.0 0.0 0.0 0.0 0.0 0.0 0.2124455 0.2124455 -0.3675647
3.86 0.0 0.0 0.0 0.0 0.0 0.0 0.1691806 0.1691806 -0.3022057
3.88 0.0 0.0 0.0 0.0 0.0 0.0 0.1938434 0.1938434 -0.3125058
3.9 0.0 0.0 0.0 0.0 0.0 0.0 0.1681066 0.1681066 -0.2632839
3.92 0.0 0.0 0.0 0.0 0.0 0.0 0.1090784 0.1090784 -0.1820671
3.94 0.0 0.0 0.0 0.0 0.0 0.0 0.02305422 0.02305422 -0.0823089
3.96 0.0 0.0 0.0 0.0 0.0 0.0 -0.1203503 -0.1203503 -0.02447362
3.98 0.0 0.0 0.0 0.0 0.0 0.0 -0.04635852 -0.04635851 -0.05261651
4.0 0.0 0.0 0.0 0.0 0.0 0.0 0.001067464 0.001067468 -0.1085128
4.0200000000000005 0.0 0.0 0.0 0.0 0.0 0.0 0.005957502 0.005957508 -0.126087
4.04 0.0 0.0 0.0 0.0 0.0 0.0 0.07246841 0.07246843 -0.13893
4.0600000000000005 0.0 0.0 0.0 0.0 0.0 0.0 0.2883584 0.2883584 -0.133384
4.08 0.0 0.0 0.0 0.0 0.0 0.0 0.3187887 0.3187887 -0.05884121
4.1 0.0 0.0 0.0 0.0 0.0 0.0 0.09678204 0.09678206 0.06922234
4.12 0.0 0.0 0.0 0.0 0.0 0.0 -0.08780629 -0.08780629 0.1244201
4.14 0.0 0.0 0.0 0.0 0.0 0.0 -0.01674326 -0.01674325 0.1781627
4.16 0.0 0.0 0.0 0.0 0.0 0.0 -0.0660209 -0.0660209 0.2905927
4.18 0.0 0.0 0.0 0.0 0.0 0.0 -0.1603185 -0.1603185 0.3607554
4.2 0.0 0.0 0.0 0.0 0.0 0.0 -0.2538587 -0.2538587 0.359411
4.22 0.0 0.0 0.0 0.0 0.0 0.0 -0.3321274 -0.3321274 0.3121665
4.24 0.0 0.0 0.0 0.0 0.0 0.0 -0.4369692 -0.4369692 0.1724609
4.26 0.0 0.0 0.0 0.0 0.0 0.0 -0.2124051 -0.2124051 -0.2368033
4.28 0.0 0.0 0.0 0.0 0.0 0.0 -0.02269752 -0.02269751 -0.4123252
4.3 0.0 0.0 0.0 0.0 0.0 0.0 0.1232564 0.1232564 -0.4990809
4.32 0.0 0.0 0.0 0.0 0.0 0.0 0.03693451 0.03693452 -0.1868569
4.34 0.0 0.0 0.0 0.0 0.0 0.0 0.03202892 0.03202895 -0.1290829
4.36 0.0 0.0 0.0 0.0 0.0 0.0 0.03933934 0.03933936 -0.1415663
4.38 0.0 0.0 0.0 0.0 0.0 0.0 0.04967724 0.04967726 -0.169487
4.4 0.0 0.0 0.0 0.0 0.0 0.0 0.06099064 0.06099065 -0.1796571
4.42 0.0 0.0 0.0 0.0 0.0 0.0 0.1003654 0.1003654 -0.1811766
4.44 0.0 0.0 0.0 0.0 0.0 0.0 0.07887645 0.07887649 -0.08136009
4.46 0.0 0.0 0.0 0.0 0.0 0.0 0.008359762 0.008359781 0.07923529
4.48 0.0 0.0 0.0 0.0 0.0 0.0 -0.05637513 -0.0563751 0.232781
4.5 0.0 0.0 0.0 0.0 0.0 0.0 -0.2910937 -0.2910936 0.3701017
4.5200000000000005 0.0 0.0 0.0 0.0 0.0 0.0 -0.2458701 -0.2458701 0.4255432
4.54 0.0 0.0 0.0 0.0 0.0 0.0 -0.2736816 -0.2736816 0.6240957
4.5600000000000005 0.0 0.0 0.0 0.0 0.0 0.0 -0.1456476 -0.1456476 0.6185441
4.58 0.0 0.0 0.0 0.0 0.0 0.0 0.02350766 0.02350767 0.5782083
4.6000000000000005 0.0 0.0 0.0 0.0 0.0 0.0 0.1028219 0.1028219 0.5942892
4.62 0.0 0.0 0.0 0.0 0.0 0.0 0.2427809 0.2427809 0.5675674
4.64 0.0 0.0 0.0 0.0 0.0 0.0 0.7120367 0.7120367 0.5055409
4.66 0.0 0.0 0.0 0.0 0.0 0.0 0.4610025 0.4610025 0.5541224
4.68 0.0 0.0 0.0 0.0 0.0 0.0 0.3016655 0.3016655 0.5307333
4.7 0.0 0.0 0.0 0.0 0.0 0.0 0.2091972 0.2091972 0.4719379
4.72 0.0 0.0 0.0 0.0 0.0 0.0 0.1293436 0.1293436 0.3930205
4.74 0.0 0.0 0.0 0.0 0.0 0.0 0.01008977 0.01008978 0.3029223
4.76 0.0 0.0 0.0 0.0 0.0 0.0 -0.0866584 -0.08665839 0.2105584
4.78 0.0 0.0 0.0 0.0 0.0 0.0 -0.1590477 -0.1590477 0.1222777
4.8 0.0 0.0 0.0 0.0 0.0 0.0 -0.1604188 -0.1604188 0.03995057
4.82 0.0 0.0 0.0 0.0 0.0 0.0 -0.1729822 -0.1729822 -0.0182796
4.84 0.0 0.0 0.0 0.0 0.0 0.0 -0.2392107 -0.2392107 -0.0884998
4.86 0.0 0.0 0.0 0.0 0.0 0.0 -0.223697 -0.223697 -0.1590336
4.88 0.0 0.0 0.0 0.0 0.0 0.0 -0.1005088 -0.1005088 -0.004408283
4.9 0.0 0.0 0.0 0.0 0.0 0.0 -0.04786404 -0.04786404 -0.08506238
4.92 0.0 0.0 0.0 0.0 0.0 0.0 0.01943387 0.01943386 -0.1320725
4.94 0.0 0.0 0.0 0.0 0.0 0.0 -0.1048514 -0.1048514 -0.1302915
4.96 0.0 0.0 0.0 0.0 0.0 0.0 -0.2762902 -0.2762902 -0.1530048
4.98 0.0 0.0 0.0 0.0 0.0 0.0 -0.3566502 -0.3566502 -0.2362237
5.0 0.0 0.0 0.0 0.0 0.0 0.0 -0.0773052 -0.07730522 -0.3364457
5.0200000000000005 0.0 0.0 0.0 0.0 0.0 0.0 0.07441591 0.0744159 -0.475893
5.04 0.0 0.0 0.0 0.0 0.0 0.0 0.286816 0.286816 -0.5659368
5.0600000000000005 0.0 0.0 0.0 0.0 0.0 0.0 0.5682345 0.5682345 -0.3860411
5.08 0.0 0.0 0.0 0.0 0.0 0.0 0.3878816 0.3878816 -0.02771257
5.1000000000000005 0.0 0.0 0.0 0.0 0.0 0.0 0.1986944 0.1986944 0.08864597
5.12 0.0 0.0 0.0 0.0 0.0 0.0 0.09111766 0.09111767 0.04142111
5.14 0.0 0.0 0.0 0.0 0.0 0.0 0.05669209 0.05669208 -0.08694255
5.16 0.0 0.0 0.0 0.0 0.0 0.0 0.05961599 0.05961598 -0.2249086
5.18 0.0 0.0 0.0 0.0 0.0 0.0 0.1050293 0.1050293 -0.3049103
5.2 0.0 0.0 0.0 0.0 0.0 0.0 -0.265959 -0.265959 -0.1802447
5.22 0.0 0.0 0.0 0.0 0.0 0.0 -0.3176434 -0.3176435 -0.2568567
5.24 0.0 0.0 0.0 0.0 0.0 0.0 -0.2355036 -0.2355036 -0.3507565
5.26 0.0 0.0 0.0 0.0 0.0 0.0 -0.1537779 -0.1537779 -0.4099192
5.28 0.0 0.0 0.0 0.0 0.0 0.0 -0.08421446 -0.0842145 -0.4419866
5.3 0.0 0.0 0.0 0.0 0.0 0.0 -0.03462391 -0.03462395 -0.459034
5.32 0.0 0.0 0.0 0.0 0.0 0.0 -0.00362711 -0.003627147 -0.4707218
5.34 0.0 0.0 0.0 0.0 0.0 0.0 0.01148942 0.01148937 -0.4813779
5.36 0.0 0.0 0.0 0.0 0.0 0.0 0.002441357 0.00244132 -0.4966977
5.38 0.0 0.0 0.0 0.0 0.0 0.0 0.01934662 0.01934657 -0.4769165
5.4 0.0 0.0 0.0 0.0 0.0 0.0 0.06711126 0.06711122 -0.4497113
5.42 0.0 0.0 0.0 0.0 0.0 0.0 0.1551025 0.1551025 -0.410728
5.44 0.0 0.0 0.0 0.0 0.0 0.0 0.2329766 0.2329766 -0.3514869
5.46 0.0 0.0 0.0 0.0 0.0 0.0 0.2534476 0.2534476 -0.2559866
5.48 0.0 0.0 0.0 0.0 0.0 0.0 0.3300791 0.330079 -0.2007886
5.5 0.0 0.0 0.0 0.0 0.0 0.0 0.3023604 0.3023604 -0.1215731
5.5200000000000005 0.0 0.0 0.0 0.0 0.0 0.0 0.2878301 0.2878301 -0.03160928
5.54 0.0 0.0 0.0 0.0 0.0 0.0 -0.026101 -0.02610103 0.006211471
5.5600000000000005 0.0 0.0 0.0 0.0 0.0 0.0 -0.1005569 -0.1005569 0.0515356
5.58 0.0 0.0 0.0 0.0 0.0 0.0 -0.1134537 -0.1134537 0.09132424
5.6000000000000005 0.0 0.0 0.0 0.0 0.0 0.0 -0.1069355 -0.1069356 0.1216224
5.62 0.0 0.0 0.0 0.0 0.0 0.0 -0.09417132 -0.09417135 0.1430974
5.64 0.0 0.0 0.0 0.0 0.0 0.0 -0.07607807 -0.07607808 0.1586535
5.66 0.0 0.0 0.0 0.0 0.0 0.0 -0.07310531 -0.07310531 0.1678339
5.68 0.0 0.0 0.0 0.0 0.0 0.0 -0.08684603 -0.08684603 0.1722037
5.7 0.0 0.0 0.0 0.0 0.0 0.0 -0.08161961 -0.08161961 0.179414
5.72 0.0 0.0 0.0 0.0 0.0 0.0 -0.06612899 -0.06612897 0.1875973
5.74 0.0 0.0 0.0 0.0 0.0 0.0 -0.04233961 -0.04233959 0.2148081
5.76 0.0 0.0 0.0 0.0 0.0 0.0 -0.03612462 -0.03612461 0.153922
5.78 0.0 0.0 0.0 0.0 0.0 0.0 -0.06798986 -0.06798985 0.3268292
5.8 0.0 0.0 0.0 0.0 0.0 0.0 -0.1111445 -0.1111445 0.2669669
5.82 0.0 0.0 0.0 0.0 0.0 0.0 0.01481268 0.01481271 0.16899
5.84 0.0 0.0 0.0 0.0 0.0 0.0 0.1927557 0.1927558 0.197633
5.86 0.0 0.0 0.0 0.0 0.0 0.0 0.1975758 0.1975759 0.3923002
5.88 0.0 0.0 0.0 0.0 0.0 0.0 -0.1773689 -0.1773689 0.4126676
5.9 0.0 0.0 0.0 0.0 0.0 0.0 -0.1540509 -0.1540508 0.1167308
5.92 0.0 0.0 0.0 0.0 0.0 0.0 -0.07474191 -0.07474189 0.1507135
5.94 0.0 0.0 0.0 0.0 0.0 0.0 -0.02850667 -0.02850665 0.2284914
5.96 0.0 0.0 0.0 0.0 0.0 0.0 -0.00963072 -0.0096307 0.3048577
5.98 0.0 0.0 0.0 0.0 0.0 0.0 -0.00411419 -0.004114173 0.3592755
6.0 0.0 0.0 0.0 0.0 0.0 0.0 -0.002377881 -0.002377868 0.3882794
6.0200000000000005 0.0 0.0 0.0 0.0 0.0 0.0 -0.007335108 -0.007335093 0.4043146
6.04 0.0 0.0 0.0 0.0 0.0 0.0 0.00586525 0.00586526 0.3986939
6.0600000000000005 0.0 0.0 0.0 0.0 0.0 0.0 0.07941017 0.07941018 0.371713
6.08 0.0 0.0 0.0 0.0 0.0 0.0 0.03030101 0.03030102 0.3952655
6.1000000000000005 0.0 0.0 0.0 0.0 0.0 0.0 -0.2204789 -0.2204789 0.4269181
6.12 0.0 0.0 0.0 0.0 0.0 0.0 -0.07612864 -0.0761286 0.3897728
6.140000000000001 0.0 0.0 0.0 0.0 0.0 0.0 -6.036086e-05 -6.033055e-05 0.3584635
6.16 0.0 0.0 0.0 0.0 0.0 0.0 0.03670118 0.03670121 0.3124525
6.18 0.0 0.0 0.0 0.0 0.0 0.0 0.05296707 0.0529671 0.2579094
6.2 0.0 0.0 0.0 0.0 0.0 0.0 0.05882398 0.05882401 0.1974108
6.22 0.0 0.0 0.0 0.0 0.0 0.0 0.05889522 0.05889525 0.1340187
6.24 0.0 0.0 0.0 0.0 0.0 0.0 0.06882608 0.06882611 0.07434279
6.26 0.0 0.0 0.0 0.0 0.0 0.0 0.07557871 0.07557874 0.02035207
6.28 0.0 0.0 0.0 0.0 0.0 0.0 0.06994147 0.06994149 -0.03014467
6.3 0.0 0.0 0.0 0.0 0.0 0.0 0.0677545 0.06775452 -0.07404204
6.32 0.0 0.0 0.0 0.0 0.0 0.0 0.05111066 0.05111069 -0.1097848
6.34 0.0 0.0 0.0 0.0 0.0 0.0 0.08913376 0.0891338 -0.1356865
6.36 0.0 0.0 0.0 0.0 0.0 0.0 0.1264979 0.1264979 -0.1537654
6.38 0.0 0.0 0.0 0.0 0.0 0.0 0.1273801 0.1273801 -0.1705011
6.4 0.0 0.0 0.0 0.0 0.0 0.0 0.096638 0.09663801 -0.1891401
6.42 0.0 0.0 0.0 0.0 0.0 0.0 4.561172e-05 4.561641e-05 -0.2407232
6.44 0.0 0.0 0.0 0.0 0.0 0.0 -0.01495531 -0.01495531 -0.2582238
6.46 0.0 0.0 0.0 0.0 0.0 0.0 0.01541258 0.01541258 -0.267833
6.48 0.0 0.0 0.0 0.0 0.0 0.0 0.03484968 0.03484968 -0.2842913
6.5 0.0 0.0 0.0 0.0 0.0 0.0 0.0464667 0.0464667 -0.3058638
6.5200000000000005 0.0 0.0 0.0 0.0 0.0 0.0 0.0516021 0.0516021 -0.3309465
6.54 0.0 0.0 0.0 0.0 0.0 0.0 0.05085622 0.05085621 -0.3575541
6.5600000000000005 0.0 0.0 0.0 0.0 0.0 0.0 0.04508905 0.04508905 -0.3836969
6.58 0.0 0.0 0.0 0.0 0.0 0.0 0.0361956 0.03619558 -0.4069125
6.6000000000000005 0.0 0.0 0.0 0.0 0.0 0.0 0.01870548 0.01870546 -0.427162
6.62 0.0 0.0 0.0 0.0 0.0 0.0 0.002647762 0.002647746 -0.4414113
6.640000000000001 0.0 0.0 0.0 0.0 0.0 0.0 -0.01715979 -0.01715981 -0.4479643
6.66 0.0 0.0 0.0 0.0 0.0 0.0 0.007573935 0.007573928 -0.4574598
6.68 0.0 0.0 0.0 0.0 0.0 0.0 -0.00890192 -0.008901938 -0.4061342
6.7 0.0 0.0 0.0 0.0 0.0 0.0 -0.1281082 -0.1281082 -0.4779187
6.72 0.0 0.0 0.0 0.0 0.0 0.0 0.00337645 0.003376435 -0.3808662
6.74 0.0 0.0 0.0 0.0 0.0 0.0 -0.06629513 -0.06629514 -0.3774714
6.76 0.0 0.0 0.0 0.0 0.0 0.0 -0.1075099 -0.10751 -0.362065
6.78 0.0 0.0 0.0 0.0 0.0 0.0 -0.138135 -0.138135 -0.3247596
6.8 0.0 0.0 0.0 0.0 0.0 0.0 -0.1538149 -0.1538149 -0.2710598
6.82 0.0 0.0 0.0 0.0 0.0 0.0 -0.1642821 -0.1642821 -0.2107047
6.84 0.0 0.0 0.0 0.0 0.0 0.0 -0.1707332 -0.1707332 -0.1469717
6.86 0.0 0.0 0.0 0.0 0.0 0.0 -0.1739114 -0.1739114 -0.08180089
6.88 0.0 0.0 0.0 0.0 0.0 0.0 -0.1741515 -0.1741515 -0.01709226
6.9 0.0 0.0 0.0 0.0 0.0 0.0 -0.1724024 -0.1724024 0.04496843
6.92 0.0 0.0 0.0 0.0 0.0 0.0 -0.1667807 -0.1667807 0.1039117
6.94 0.0 0.0 0.0 0.0 0.0 0.0 -0.1582627 -0.1582627 0.1584141
6.96 0.0 0.0 0.0 0.0 0.0 0.0 -0.1522542 -0.1522543 0.2080094
6.98 0.0 0.0 0.0 0.0 0.0 0.0 -0.1124342 -0.1124342 0.2465416
7.0 0.0 0.0 0.0 0.0 0.0 0.0 -0.186238 -0.186238 0.2849669
7.0200000000000005 0.0 0.0 0.0 0.0 0.0 0.0 -0.1103851 -0.1103851 0.3192755
7.04 0.0 0.0 0.0 0.0 0.0 0.0 -0.06320344 -0.06320345 0.3426088
7.0600000000000005 0.0 0.0 0.0 0.0 0.0 0.0 -0.04723844 -0.04723846 0.3590645
7.08 0.0 0.0 0.0 0.0 0.0 0.0 -0.03568322 -0.03568323 0.3711942
7.1000000000000005 0.0 0.0 0.0 0.0 0.0 0.0 -0.02472874 -0.02472876 0.3805982
7.12 0.0 0.0 0.0 0.0 0.0 0.0 -0.01281775 -0.01281776 0.3885822
7.140000000000001 0.0 0.0 0.0 0.0 0.0 0.0 -0.002643939 -0.002643945 0.3937387
7.16 0.0 0.0 0.0 0.0 0.0 0.0 0.009866016 0.009866014 0.3969939
7.18 0.0 0.0 0.0 0.0 0.0 0.0 0.0236463 0.0236463 0.3975412
7.2 0.0 0.0 0.0 0.0 0.0 0.0 0.03810275 0.03810275 0.3945376
7.22 0.0 0.0 0.0 0.0 0.0 0.0 0.05275745 0.05275744 0.387412
7.24 0.0 0.0 0.0 0.0 0.0 0.0 0.06684758 0.06684758 0.3756037
7.26 0.0 0.0 0.0 0.0 0.0 0.0 0.08175136 0.08175136 0.359074
7.28 0.0 0.0 0.0 0.0 0.0 0.0 0.1062875 0.1062875 0.3393002
7.3 0.0 0.0 0.0 0.0 0.0 0.0 0.09905057 0.09905057 0.309327
7.32 0.0 0.0 0.0 0.0 0.0 0.0 0.08187111 0.08187112 0.2722245
7.34 0.0 0.0 0.0 0.0 0.0 0.0 0.1128394 0.1128394 0.2434714
7.36 0.0 0.0 0.0 0.0 0.0 0.0 0.1294711 0.1294711 0.2102455
7.38 0.0 0.0 0.0 0.0 0.0 0.0 0.1392232 0.1392232 0.1729622
7.4 0.0 0.0 0.0 0.0 0.0 0.0 0.1456648 0.1456648 0.1316495
7.42 0.0 0.0 0.0 0.0 0.0 0.0 0.149128 0.149128 0.08795642
7.44 0.0 0.0 0.0 0.0 0.0 0.0 0.1498682 0.1498682 0.04296227
7.46 0.0 0.0 0.0 0.0 0.0 0.0 0.1480795 0.1480795 -0.002008399
7.48 0.0 0.0 0.0 0.0 0.0 0.0 0.1440021 0.1440021 -0.04608316
7.5 0.0 0.0 0.0 0.0 0.0 0.0 0.1365601 0.1365601 -0.08862946
7.5200000000000005 0.0 0.0 0.0 0.0 0.0 0.0 0.1259326 0.1259326 -0.1238392
7.54 0.0 0.0 0.0 0.0 0.0 0.0 0.1291463 0.1291463 -0.1661528
7.5600000000000005 0.0 0.0 0.0 0.0 0.0 0.0 0.1121005 0.1121005 -0.1982438
7.58 0.0 0.0 0.0 0.0 0.0 0.0 0.1041369 0.1041369 -0.2258388
7.6000000000000005 0.0 0.0 0.0 0.0 0.0 0.0 0.09080016 0.09080016 -0.2508609
7.62 0.0 0.0 0.0 0.0 0.0 0.0 0.07253294 0.07253295 -0.2709481
7.640000000000001 0.0 0.0 0.0 0.0 0.0 0.0 0.06866385 0.06866384 -0.290606
7.66 0.0 0.0 0.0 0.0 0.0 0.0 0.04645559 0.04645559 -0.3026712
7.68 0.0 0.0 0.0 0.0 0.0 0.0 0.03038782 0.03038781 -0.3083265
7.7 0.0 0.0 0.0 0.0 0.0 0.0 0.0165168 0.01651679 -0.3105015
7.72 0.0 0.0 0.0 0.0 0.0 0.0 0.00409307 0.004093065 -0.3090916
7.74 0.0 0.0 0.0 0.0 0.0 0.0 -0.007447443 -0.007447444 -0.3039613
7.76 0.0 0.0 0.0 0.0 0.0 0.0 -0.01861689 -0.01861688 -0.2956165
7.78 0.0 0.0 0.0 0.0 0.0 0.0 -0.0295549 -0.0295549 -0.2844986
7.8 0.0 0.0 0.0 0.0 0.0 0.0 -0.04020936 -0.04020936 -0.2708765
7.82 0.0 0.0 0.0 0.0 0.0 0.0 -0.05032067 -0.05032067 -0.2550709
7.84 0.0 0.0 0.0 0.0 0.0 0.0 -0.05985282 -0.05985282 -0.2371376
7.86 0.0 0.0 0.0 0.0 0.0 0.0 -0.0682266 -0.0682266 -0.2170026
7.88 0.0 0.0 0.0 0.0 0.0 0.0 -0.07566022 -0.07566021 -0.1946998
7.9 0.0 0.0 0.0 0.0 0.0 0.0 -0.08160482 -0.08160481 -0.1705257
7.92 0.0 0.0 0.0 0.0 0.0 0.0 -0.0958988 -0.0958988 -0.1454966
7.94 0.0 0.0 0.0 0.0 0.0 0.0 -0.08027355 -0.08027355 -0.1154951
7.96 0.0 0.0 0.0 0.0 0.0 0.0 -0.0866634 -0.0866634 -0.08885598
7.98 0.0 0.0 0.0 0.0 0.0 0.0 -0.09191036 -0.09191035 -0.06175875
8.0 0.0 0.0 0.0 0.0 0.0 0.0 -0.09504565 -0.09504564 -0.03464163
8.02 0.0 0.0 0.0 0.0 0.0 0.0 -0.09589687 -0.09589687 -0.007645389
8.040000000000001 0.0 0.0 0.0 0.0 0.0 0.0 -0.09496168 -0.09496168 0.01894888
8.06 0.0 0.0 0.0 0.0 0.0 0.0 -0.09256311 -0.09256311 0.04473221
8.08 0.0 0.0 0.0 0.0 0.0 0.0 -0.08894208 -0.08894207 0.06932288
8.1 0.0 0.0 0.0 0.0 0.0 0.0 -0.08414061 -0.0841406 0.09246701
8.120000000000001 0.0 0.0 0.0 0.0 0.0 0.0 -0.07834768 -0.07834768 0.1140736
8.14 0.0 0.0 0.0 0.0 0.0 0.0 -0.07174498 -0.07174498 0.1337406
8.16 0.0 0.0 0.0 0.0 0.0 0.0 -0.06443122 -0.06443122 0.1510412
8.18 0.0 0.0 0.0 0.0 0.0 0.0 -0.05673776 -0.05673775 0.16564
8.2 0.0 0.0 0.0 0.0 0.0 0.0 -0.04643132 -0.04643132 0.1781345
8.22 0.0 0.0 0.0 0.0 0.0 0.0 -0.04451475 -0.04451475 0.1859591
8.24 0.0 0.0 0.0 0.0 0.0 0.0 -0.03195503 -0.03195502 0.1940777
8.26 0.0 0.0 0.0 0.0 0.0 0.0 -0.01962898 -0.01962898 0.1989214
8.28 0.0 0.0 0.0 0.0 0.0 0.0 -0.0109737 -0.0109737 0.1998877
8.3 0.0 0.0 0.0 0.0 0.0 0.0 -0.002699295 -0.0026993 0.1984588
8.32 0.0 0.0 0.0 0.0 0.0 0.0 0.00540684 0.005406833 0.1942879
8.34 0.0 0.0 0.0 0.0 0.0 0.0 0.0130837 0.01308369 0.1874332
8.36 0.0 0.0 0.0 0.0 0.0 0.0 0.02005872 0.02005872 0.1787987
8.38 0.0 0.0 0.0 0.0 0.0 0.0 0.02652663 0.02652663 0.1685205
8.4 0.0 0.0 0.0 0.0 0.0 0.0 0.03228304 0.03228305 0.1568078
8.42 0.0 0.0 0.0 0.0 0.0 0.0 0.03746462 0.03746462 0.1443609
8.44 0.0 0.0 0.0 0.0 0.0 0.0 0.04185061 0.04185061 0.1307177
8.46 0.0 0.0 0.0 0.0 0.0 0.0 0.04561719 0.04561718 0.1157136
8.48 0.0 0.0 0.0 0.0 0.0 0.0 0.04872748 0.04872749 0.09977536
8.5 0.0 0.0 0.0 0.0 0.0 0.0 0.05172048 0.05172047 0.08363725
8.52 0.0 0.0 0.0 0.0 0.0 0.0 0.05263428 0.05263428 0.06675885
8.540000000000001 0.0 0.0 0.0 0.0 0.0 0.0 0.05308265 0.05308266 0.04994677
8.56 0.0 0.0 0.0 0.0 0.0 0.0 0.05399647 0.05399648 0.03378686
8.58 0.0 0.0 0.0 0.0 0.0 0.0 0.05344777 0.05344777 0.0175483
8.6 0.0 0.0 0.0 0.0 0.0 0.0 0.05215371 0.05215372 0.00140852
8.620000000000001 0.0 0.0 0.0 0.0 0.0 0.0 0.05111723 0.05111724 -0.0142469
8.64 0.0 0.0 0.0 0.0 0.0 0.0 0.04976546 0.04976546 -0.02905612
8.66 0.0 0.0 0.0 0.0 0.0 0.0 0.04786487 0.04786488 -0.04287961
8.68 0.0 0.0 0.0 0.0 0.0 0.0 0.04533306 0.04533306 -0.05576323
8.700000000000001 0.0 0.0 0.0 0.0 0.0 0.0 0.04226341 0.0422634 -0.06746827
8.72 0.0 0.0 0.0 0.0 0.0 0.0 0.03872157 0.03872157 -0.07803432
8.74 0.0 0.0 0.0 0.0 0.0 0.0 0.03479373 0.03479373 -0.0875173
8.76 0.0 0.0 0.0 0.0 0.0 0.0 0.03058534 0.03058534 -0.09576411
8.78 0.0 0.0 0.0 0.0 0.0 0.0 0.02621718 0.02621718 -0.1024534
8.8 0.0 0.0 0.0 0.0 0.0 0.0 0.02165556 0.02165555 -0.1075352
8.82 0.0 0.0 0.0 0.0 0.0 0.0 0.01689041 0.0168904 -0.1111785
8.84 0.0 0.0 0.0 0.0 0.0 0.0 0.01242887 0.01242887 -0.1132386
8.86 0.0 0.0 0.0 0.0 0.0 0.0 0.007655927 0.007655918 -0.1138062
8.88 0.0 0.0 0.0 0.0 0.0 0.0 0.002735275 0.002735265 -0.1133535
8.9 0.0 0.0 0.0 0.0 0.0 0.0 -0.00252898 -0.002528991 -0.1115751
8.92 0.0 0.0 0.0 0.0 0.0 0.0 -0.007095036 -0.007095047 -0.1083377
8.94 0.0 0.0 0.0 0.0 0.0 0.0 -0.01109876 -0.01109877 -0.1036558
8.96 0.0 0.0 0.0 0.0 0.0 0.0 -0.01473547 -0.01473548 -0.09777877
8.98 0.0 0.0 0.0 0.0 0.0 0.0 -0.01806724 -0.01806725 -0.09111026
