TITLE = "Temporal Signal for receiver number 00004"
VARIABLES = "Time","xx","yy","zz","xy","yz","xz","u","v","w"
# x1       490.0
# x2       490.0
# x3       0.1
0.0 0.0 0.0 0.0 0.0 0.0 0.0 0.001666581 0.001666556 0.001314695
0.02 0.0 0.0 0.0 0.0 0.0 0.0 -0.0002344899 -0.0002345046 0.003312326
0.04 0.0 0.0 0.0 0.0 0.0 0.0 -0.002373069 -0.002373073 0.005900401
0.06 0.0 0.0 0.0 0.0 0.0 0.0 -0.003597651 -0.003597657 0.006447213
0.08 0.0 0.0 0.0 0.0 0.0 0.0 -0.00415945 -0.004159439 0.005498291
0.1 0.0 0.0 0.0 0.0 0.0 0.0 -0.00367531 -0.003675309 0.003737358
0.12 0.0 0.0 0.0 0.0 0.0 0.0 -0.003510887 -0.00351089 0.002039027
0.14 0.0 0.0 0.0 0.0 0.0 0.0 -0.004153776 -0.004153759 0.002238725
0.16 0.0 0.0 0.0 0.0 0.0 0.0 -0.004429241 -0.004429231 0.006112582
0.18 0.0 0.0 0.0 0.0 0.0 0.0 -0.004016388 -0.004016368 0.01071763
0.2 0.0 0.0 0.0 0.0 0.0 0.0 -0.004633801 -0.0046338 0.01276964
0.22 0.0 0.0 0.0 0.0 0.0 0.0 -0.006721623 -0.006721622 0.01760804
0.24 0.0 0.0 0.0 0.0 0.0 0.0 -0.00146093 -0.001460981 0.01318118
0.26 0.0 0.0 0.0 0.0 0.0 0.0 -0.008268073 -0.008268131 0.01057192
0.28 0.0 0.0 0.0 0.0 0.0 0.0 -0.01385946 -0.01385947 0.01962203
0.3 0.0 0.0 0.0 0.0 0.0 0.0 -0.01235238 -0.01235237 0.02468924
0.32 0.0 0.0 0.0 0.0 0.0 0.0 -0.007483896 -0.007483872 0.0177446
0.34 0.0 0.0 0.0 0.0 0.0 0.0 -0.002577316 -0.002577309 0.003456905
0.36 0.0 0.0 0.0 0.0 0.0 0.0 0.001115617 0.001115608 -0.01095991
0.38 0.0 0.0 0.0 0.0 0.0 0.0 0.004401737 0.004401686 -0.02174296
0.4 0.0 0.0 0.0 0.0 0.0 0.0 0.006616232 0.00661621 -0.02495887
0.42 0.0 0.0 0.0 0.0 0.0 0.0 0.008111934 0.008111892 -0.01951762
0.44 0.0 0.0 0.0 0.0 0.0 0.0 0.2093867 0.2093867 -1.323766
0.46 0.0 0.0 0.0 0.0 0.0 0.0 0.1093491 0.109349 -2.418762
0.48 0.0 0.0 0.0 0.0 0.0 0.0 -0.2258534 -0.2258535 -2.264978
0.5 0.0 0.0 0.0 0.0 0.0 0.0 -0.509489 -0.5094892 -2.190861
0.52 0.0 0.0 0.0 0.0 0.0 0.0 -0.7545877 -0.7545881 -2.182487
0.54 0.0 0.0 0.0 0.0 0.0 0.0 -0.9690793 -0.9690798 -2.224491
0.56 0.0 0.0 0.0 0.0 0.0 0.0 -1.165895 -1.165895 -2.279544
0.58 0.0 0.0 0.0 0.0 0.0 0.0 -1.847821 -1.847821 0.4660488
0.6 0.0 0.0 0.0 0.0 0.0 0.0 -1.540814 -1.540814 0.07875281
0.62 0.0 0.0 0.0 0.0 0.0 0.0 -1.317078 -1.317079 -0.2390886
0.64 0.0 0.0 0.0 0.0 0.0 0.0 -1.154365 -1.154366 -0.5130623
0.66 0.0 0.0 0.0 0.0 0.0 0.0 -1.038159 -1.038159 -0.7285065
0.68 0.0 0.0 0.0 0.0 0.0 0.0 -0.9610243 -0.9610245 -0.8864323
0.7000000000000001 0.0 0.0 0.0 0.0 0.0 0.0 -0.4701242 -0.4701244 -0.9682739
0.72 0.0 0.0 0.0 0.0 0.0 0.0 -0.7534666 -0.7534668 -1.361627
0.74 0.0 0.0 0.0 0.0 0.0 0.0 -1.190888 -1.190888 -1.801701
0.76 0.0 0.0 0.0 0.0 0.0 0.0 -1.560292 -1.560292 -2.226799
0.78 0.0 0.0 0.0 0.0 0.0 0.0 -1.866369 -1.86637 -2.628753
0.8 0.0 0.0 0.0 0.0 0.0 0.0 -2.116403 -2.116404 -2.995838
0.8200000000000001 0.0 0.0 0.0 0.0 0.0 0.0 -2.337679 -2.33768 -3.327764
0.84 0.0 0.0 0.0 0.0 0.0 0.0 19.60741 19.60742 4.585297
0.86 0.0 0.0 0.0 0.0 0.0 0.0 14.30598 14.30598 4.134845
0.88 0.0 0.0 0.0 0.0 0.0 0.0 9.482421 9.482422 3.405191
0.9 0.0 0.0 0.0 0.0 0.0 0.0 5.886427 5.886428 2.761946
0.92 0.0 0.0 0.0 0.0 0.0 0.0 3.253003 3.253004 2.211966
0.9400000000000001 0.0 0.0 0.0 0.0 0.0 0.0 1.357993 1.357994 1.859884
0.96 0.0 0.0 0.0 0.0 0.0 0.0 0.04771302 0.04771318 1.488456
0.98 0.0 0.0 0.0 0.0 0.0 0.0 -0.8350265 -0.8350264 1.193815
1.0 0.0 0.0 0.0 0.0 0.0 0.0 -1.398049 -1.398049 0.965771
1.02 0.0 0.0 0.0 0.0 0.0 0.0 -1.724897 -1.724898 0.7916234
1.04 0.0 0.0 0.0 0.0 0.0 0.0 -1.879729 -1.879729 0.6641821
1.06 0.0 0.0 0.0 0.0 0.0 0.0 -1.903497 -1.903497 0.5103357
1.08 0.0 0.0 0.0 0.0 0.0 0.0 -1.854995 -1.854995 0.4262087
1.1 0.0 0.0 0.0 0.0 0.0 0.0 -1.748054 -1.748054 0.3856254
1.12 0.0 0.0 0.0 0.0 0.0 0.0 -1.603154 -1.603154 0.3695067
1.1400000000000001 0.0 0.0 0.0 0.0 0.0 0.0 -1.435595 -1.435595 0.3697825
1.16 0.0 0.0 0.0 0.0 0.0 0.0 -1.256115 -1.256115 0.3853788
1.18 0.0 0.0 0.0 0.0 0.0 0.0 -1.053625 -1.053625 0.4172712
1.2 0.0 0.0 0.0 0.0 0.0 0.0 -0.888334 -0.8883341 0.4155252
1.22 0.0 0.0 0.0 0.0 0.0 0.0 -0.7670584 -0.7670584 0.4000355
1.24 0.0 0.0 0.0 0.0 0.0 0.0 -0.6545564 -0.6545565 0.3877061
1.26 0.0 0.0 0.0 0.0 0.0 0.0 -0.5554649 -0.5554649 0.3750111
1.28 0.0 0.0 0.0 0.0 0.0 0.0 -0.4729108 -0.4729108 0.3593361
1.3 0.0 0.0 0.0 0.0 0.0 0.0 -0.4071546 -0.4071546 0.2783256
1.32 0.0 0.0 0.0 0.0 0.0 0.0 -0.3598861 -0.3598861 0.01333738
1.34 0.0 0.0 0.0 0.0 0.0 0.0 -0.3200646 -0.3200647 0.003802924
1.36 0.0 0.0 0.0 0.0 0.0 0.0 -0.2926169 -0.292617 -0.02276233
1.3800000000000001 0.0 0.0 0.0 0.0 0.0 0.0 -0.2795128 -0.2795129 -0.06410095
1.4000000000000001 0.0 0.0 0.0 0.0 0.0 0.0 -0.2815628 -0.2815629 -0.1208267
1.42 0.0 0.0 0.0 0.0 0.0 0.0 -0.298561 -0.2985611 -0.1965555
1.44 0.0 0.0 0.0 0.0 0.0 0.0 -0.3650846 -0.3650846 -0.2851473
1.46 0.0 0.0 0.0 0.0 0.0 0.0 -0.3454182 -0.3454183 -0.37593
1.48 0.0 0.0 0.0 0.0 0.0 0.0 -0.3249748 -0.3249749 -0.4812468
1.5 0.0 0.0 0.0 0.0 0.0 0.0 -0.3241757 -0.3241757 -0.5944123
1.52 0.0 0.0 0.0 0.0 0.0 0.0 -0.3487824 -0.3487825 -0.725622
1.54 0.0 0.0 0.0 0.0 0.0 0.0 -0.3944342 -0.3944342 -0.8786411
1.56 0.0 0.0 0.0 0.0 0.0 0.0 -0.5712911 -0.5712911 -0.6658297
1.58 0.0 0.0 0.0 0.0 0.0 0.0 -0.5712309 -0.571231 -0.4032328
1.6 0.0 0.0 0.0 0.0 0.0 0.0 -0.4482259 -0.4482259 -0.416091
1.62 0.0 0.0 0.0 0.0 0.0 0.0 -0.3466728 -0.3466728 -0.4237901
1.6400000000000001 0.0 0.0 0.0 0.0 0.0 0.0 -0.2624363 -0.2624363 -0.4258176
1.6600000000000001 0.0 0.0 0.0 0.0 0.0 0.0 -0.1922521 -0.1922521 -0.4230282
1.68 0.0 0.0 0.0 0.0 0.0 0.0 -0.141436 -0.141436 -0.4134364
1.7 0.0 0.0 0.0 0.0 0.0 0.0 -0.1008947 -0.1008947 -0.3769399
1.72 0.0 0.0 0.0 0.0 0.0 0.0 -0.006476748 -0.006476756 -0.306333
1.74 0.0 0.0 0.0 0.0 0.0 0.0 0.09501671 0.09501672 -0.2136847
1.76 0.0 0.0 0.0 0.0 0.0 0.0 0.2058096 0.2058097 -0.09821924
1.78 0.0 0.0 0.0 0.0 0.0 0.0 0.3280287 0.3280288 0.04118316
1.8 0.0 0.0 0.0 0.0 0.0 0.0 0.46352 0.4635201 0.2141414
1.82 0.0 0.0 0.0 0.0 0.0 0.0 -1.193935 -1.193936 -0.05106528
1.84 0.0 0.0 0.0 0.0 0.0 0.0 -1.18295 -1.18295 -0.1339253
1.86 0.0 0.0 0.0 0.0 0.0 0.0 -0.856121 -0.8561212 -0.1322981
1.8800000000000001 0.0 0.0 0.0 0.0 0.0 0.0 -0.5988052 -0.5988055 -0.1211937
1.9000000000000001 0.0 0.0 0.0 0.0 0.0 0.0 -0.3970155 -0.3970157 -0.10453
1.92 0.0 0.0 0.0 0.0 0.0 0.0 -0.2389692 -0.2389693 -0.08300175
1.94 0.0 0.0 0.0 0.0 0.0 0.0 -0.1142464 -0.1142464 -0.05817163
1.96 0.0 0.0 0.0 0.0 0.0 0.0 -0.01984557 -0.01984563 -0.03278166
1.98 0.0 0.0 0.0 0.0 0.0 0.0 0.05254514 0.05254511 -0.004296303
2.0 0.0 0.0 0.0 0.0 0.0 0.0 0.1082491 0.1082491 0.02714004
2.02 0.0 0.0 0.0 0.0 0.0 0.0 0.1524743 0.1524743 0.06170483
2.04 0.0 0.0 0.0 0.0 0.0 0.0 0.1875334 0.1875334 0.09907924
2.06 0.0 0.0 0.0 0.0 0.0 0.0 0.2179953 0.2179953 0.1014528
2.08 0.0 0.0 0.0 0.0 0.0 0.0 0.2299718 0.2299719 0.1241375
2.1 0.0 0.0 0.0 0.0 0.0 0.0 0.2378899 0.23789 0.1452351
2.12 0.0 0.0 0.0 0.0 0.0 0.0 0.2428921 0.2428923 0.1636666
2.14 0.0 0.0 0.0 0.0 0.0 0.0 0.2433219 0.243322 0.1790137
2.16 0.0 0.0 0.0 0.0 0.0 0.0 0.2385294 0.2385295 0.1901067
2.18 0.0 0.0 0.0 0.0 0.0 0.0 0.2262708 0.2262709 0.1954241
2.2 0.0 0.0 0.0 0.0 0.0 0.0 0.2141814 0.2141815 0.2003969
2.22 0.0 0.0 0.0 0.0 0.0 0.0 0.2024211 0.2024212 0.2028379
2.24 0.0 0.0 0.0 0.0 0.0 0.0 0.1879593 0.1879593 0.19754
2.2600000000000002 0.0 0.0 0.0 0.0 0.0 0.0 0.1715415 0.1715415 0.1803113
2.2800000000000002 0.0 0.0 0.0 0.0 0.0 0.0 0.1480604 0.1480604 0.1531813
2.3000000000000003 0.0 0.0 0.0 0.0 0.0 0.0 0.1128957 0.1128957 0.1253382
2.32 0.0 0.0 0.0 0.0 0.0 0.0 0.08219528 0.08219529 0.1255421
2.34 0.0 0.0 0.0 0.0 0.0 0.0 0.06814903 0.06814901 0.113088
2.36 0.0 0.0 0.0 0.0 0.0 0.0 0.05542779 0.05542779 0.0980651
2.38 0.0 0.0 0.0 0.0 0.0 0.0 0.042997 0.042997 0.08181751
2.4 0.0 0.0 0.0 0.0 0.0 0.0 0.03100523 0.03100523 0.06621956
2.42 0.0 0.0 0.0 0.0 0.0 0.0 0.02144897 0.02144899 0.0501383
2.44 0.0 0.0 0.0 0.0 0.0 0.0 0.01749167 0.01749174 0.03481265
2.46 0.0 0.0 0.0 0.0 0.0 0.0 0.003950354 0.003950449 0.02305129
2.48 0.0 0.0 0.0 0.0 0.0 0.0 -0.004269945 -0.004269892 0.01697279
2.5 0.0 0.0 0.0 0.0 0.0 0.0 -0.004178883 -0.004178812 0.01928342
2.52 0.0 0.0 0.0 0.0 0.0 0.0 0.005432356 0.005432426 0.03093162
2.54 0.0 0.0 0.0 0.0 0.0 0.0 0.02526402 0.02526407 0.05373302
2.56 0.0 0.0 0.0 0.0 0.0 0.0 0.09134408 0.09134415 0.01549964
2.58 0.0 0.0 0.0 0.0 0.0 0.0 0.08932889 0.08932896 -0.006925623
2.6 0.0 0.0 0.0 0.0 0.0 0.0 0.0762036 0.07620366 -0.01566988
2.62 0.0 0.0 0.0 0.0 0.0 0.0 0.06311886 0.06311893 -0.02088038
2.64 0.0 0.0 0.0 0.0 0.0 0.0 0.05047414 0.0504742 -0.02559927
2.66 0.0 0.0 0.0 0.0 0.0 0.0 0.03793004 0.03793006 -0.02916715
2.68 0.0 0.0 0.0 0.0 0.0 0.0 0.02744144 0.02744145 -0.03097909
2.7 0.0 0.0 0.0 0.0 0.0 0.0 0.01385321 0.01385319 -0.03613915
2.72 0.0 0.0 0.0 0.0 0.0 0.0 -0.003420291 -0.003420338 -0.04248267
2.74 0.0 0.0 0.0 0.0 0.0 0.0 -0.02353842 -0.02353849 -0.05155074
2.7600000000000002 0.0 0.0 0.0 0.0 0.0 0.0 -0.0464133 -0.04641337 -0.06431392
2.7800000000000002 0.0 0.0 0.0 0.0 0.0 0.0 -0.07260606 -0.07260614 -0.08086114
2.8000000000000003 0.0 0.0 0.0 0.0 0.0 0.0 -0.03644384 -0.03644384 -0.09364624
2.82 0.0 0.0 0.0 0.0 0.0 0.0 0.1741453 0.1741453 -0.06475757
2.84 0.0 0.0 0.0 0.0 0.0 0.0 0.1194961 0.1194961 -0.06393314
2.86 0.0 0.0 0.0 0.0 0.0 0.0 0.07676007 0.07676007 -0.0623781
2.88 0.0 0.0 0.0 0.0 0.0 0.0 0.04520175 0.04520177 -0.05970376
2.9 0.0 0.0 0.0 0.0 0.0 0.0 0.02287719 0.0228772 -0.05554881
2.92 0.0 0.0 0.0 0.0 0.0 0.0 0.007903167 0.007903193 -0.05148594
2.94 0.0 0.0 0.0 0.0 0.0 0.0 -0.002566002 -0.002565983 -0.0479829
2.96 0.0 0.0 0.0 0.0 0.0 0.0 -0.008985149 -0.008985096 -0.04471131
2.98 0.0 0.0 0.0 0.0 0.0 0.0 -0.01233292 -0.01233287 -0.04082139
3.0 0.0 0.0 0.0 0.0 0.0 0.0 -0.0130955 -0.01309549 -0.03583831
3.02 0.0 0.0 0.0 0.0 0.0 0.0 -0.01359042 -0.01359042 -0.03146908
3.04 0.0 0.0 0.0 0.0 0.0 0.0 -0.01439283 -0.01439284 -0.02964794
3.06 0.0 0.0 0.0 0.0 0.0 0.0 -0.01638116 -0.01638119 -0.02303495
3.08 0.0 0.0 0.0 0.0 0.0 0.0 -0.01671132 -0.01671135 -0.01974292
3.1 0.0 0.0 0.0 0.0 0.0 0.0 -0.01621412 -0.01621412 -0.01645453
3.12 0.0 0.0 0.0 0.0 0.0 0.0 -0.0160368 -0.01603683 -0.01251889
3.14 0.0 0.0 0.0 0.0 0.0 0.0 -0.01641157 -0.01641158 -0.009171716
3.16 0.0 0.0 0.0 0.0 0.0 0.0 -0.01683777 -0.01683778 -0.005747632
3.18 0.0 0.0 0.0 0.0 0.0 0.0 -0.01680525 -0.01680525 -0.003770447
3.2 0.0 0.0 0.0 0.0 0.0 0.0 -0.01792568 -0.01792572 -0.004348752
3.22 0.0 0.0 0.0 0.0 0.0 0.0 -0.01945422 -0.0194543 -0.004385467
3.24 0.0 0.0 0.0 0.0 0.0 0.0 -0.02091176 -0.02091187 -0.002750899
3.2600000000000002 0.0 0.0 0.0 0.0 0.0 0.0 -0.0214488 -0.02144887 0.0007974469
3.2800000000000002 0.0 0.0 0.0 0.0 0.0 0.0 -0.02058218 -0.02058219 0.007846403
3.3000000000000003 0.0 0.0 0.0 0.0 0.0 0.0 -0.01520348 -0.01520347 0.0157948
3.3200000000000003 0.0 0.0 0.0 0.0 0.0 0.0 -0.01074061 -0.01074058 0.01886278
3.34 0.0 0.0 0.0 0.0 0.0 0.0 -0.008659163 -0.008659154 0.021722
3.36 0.0 0.0 0.0 0.0 0.0 0.0 -0.005534498 -0.005534462 0.02282362
3.38 0.0 0.0 0.0 0.0 0.0 0.0 -0.001331846 -0.00133179 0.02387735
3.4 0.0 0.0 0.0 0.0 0.0 0.0 0.002567259 0.002567328 0.02570614
3.42 0.0 0.0 0.0 0.0 0.0 0.0 0.005879206 0.005879253 0.02823519
3.44 0.0 0.0 0.0 0.0 0.0 0.0 0.009008138 0.009008176 0.031382
3.46 0.0 0.0 0.0 0.0 0.0 0.0 0.01284225 0.0128423 0.03345016
3.48 0.0 0.0 0.0 0.0 0.0 0.0 0.0154597 0.01545972 0.03255117
3.5 0.0 0.0 0.0 0.0 0.0 0.0 0.01611329 0.01611332 0.031452
3.52 0.0 0.0 0.0 0.0 0.0 0.0 0.01508031 0.01508031 0.02821358
3.54 0.0 0.0 0.0 0.0 0.0 0.0 0.01034281 0.01034281 0.02138213
3.56 0.0 0.0 0.0 0.0 0.0 0.0 -0.004696689 -0.004696728 0.02497557
3.58 0.0 0.0 0.0 0.0 0.0 0.0 -0.005287636 -0.005287669 0.02231798
3.6 0.0 0.0 0.0 0.0 0.0 0.0 -0.005154225 -0.005154275 0.01898284
3.62 0.0 0.0 0.0 0.0 0.0 0.0 -0.004447191 -0.004447269 0.01599935
3.64 0.0 0.0 0.0 0.0 0.0 0.0 -0.004071545 -0.004071583 0.01336718
3.66 0.0 0.0 0.0 0.0 0.0 0.0 -0.00374397 -0.003743993 0.01109896
3.68 0.0 0.0 0.0 0.0 0.0 0.0 -0.003429557 -0.003429569 0.009065178
3.7 0.0 0.0 0.0 0.0 0.0 0.0 -0.002616472 -0.00261645 0.007453064
3.72 0.0 0.0 0.0 0.0 0.0 0.0 -0.001496723 -0.001496701 0.006725303
3.74 0.0 0.0 0.0 0.0 0.0 0.0 -2.669371e-05 -2.666775e-05 0.006654093
3.7600000000000002 0.0 0.0 0.0 0.0 0.0 0.0 0.002702989 0.002702989 0.006729116
3.7800000000000002 0.0 0.0 0.0 0.0 0.0 0.0 0.008033339 0.008033316 0.007331662
3.8000000000000003 0.0 0.0 0.0 0.0 0.0 0.0 -0.00941016 -0.009410176 0.006487744
3.8200000000000003 0.0 0.0 0.0 0.0 0.0 0.0 -0.03363768 -0.03363769 0.002982522
3.84 0.0 0.0 0.0 0.0 0.0 0.0 -0.02469078 -0.02469082 0.002398043
3.86 0.0 0.0 0.0 0.0 0.0 0.0 -0.0175957 -0.01759574 0.0005915811
3.88 0.0 0.0 0.0 0.0 0.0 0.0 -0.01185049 -0.01185051 -0.001958394
3.9 0.0 0.0 0.0 0.0 0.0 0.0 -0.008351915 -0.008351896 -0.002572433
3.92 0.0 0.0 0.0 0.0 0.0 0.0 -0.005083042 -0.005083059 -0.00344772
3.94 0.0 0.0 0.0 0.0 0.0 0.0 -0.003501573 -0.003501603 -0.003858404
3.96 0.0 0.0 0.0 0.0 0.0 0.0 -0.00246043 -0.00246043 -0.005391607
3.98 0.0 0.0 0.0 0.0 0.0 0.0 -0.002256735 -0.002256676 -0.00707133
4.0 0.0 0.0 0.0 0.0 0.0 0.0 -0.002803084 -0.002803085 -0.008333959
4.0200000000000005 0.0 0.0 0.0 0.0 0.0 0.0 -0.003188682 -0.00318867 -0.009734308
4.04 0.0 0.0 0.0 0.0 0.0 0.0 -0.00306748 -0.003067419 -0.0102998
4.0600000000000005 0.0 0.0 0.0 0.0 0.0 0.0 -0.003100598 -0.003100628 -0.0104878
4.08 0.0 0.0 0.0 0.0 0.0 0.0 -0.003764037 -0.003764064 -0.0100873
4.1 0.0 0.0 0.0 0.0 0.0 0.0 -0.003839836 -0.003839846 -0.01010698
4.12 0.0 0.0 0.0 0.0 0.0 0.0 -0.003563498 -0.00356354 -0.01065976
4.14 0.0 0.0 0.0 0.0 0.0 0.0 -0.003715491 -0.003715526 -0.01113821
4.16 0.0 0.0 0.0 0.0 0.0 0.0 -0.004069183 -0.004069206 -0.01105177
4.18 0.0 0.0 0.0 0.0 0.0 0.0 -0.004064476 -0.004064456 -0.01059384
4.2 0.0 0.0 0.0 0.0 0.0 0.0 -0.003417636 -0.003417619 -0.009358721
4.22 0.0 0.0 0.0 0.0 0.0 0.0 -0.002966981 -0.002966982 -0.007537413
4.24 0.0 0.0 0.0 0.0 0.0 0.0 -0.002125981 -0.00212598 -0.005851663
4.26 0.0 0.0 0.0 0.0 0.0 0.0 -0.0008001741 -0.0008002241 -0.005090492
4.28 0.0 0.0 0.0 0.0 0.0 0.0 0.0001647804 0.0001647477 -0.004668372
4.3 0.0 0.0 0.0 0.0 0.0 0.0 -0.0001568665 -0.0001568574 -0.004167153
4.32 0.0 0.0 0.0 0.0 0.0 0.0 -0.0006478806 -0.0006478863 -0.00285551
4.34 0.0 0.0 0.0 0.0 0.0 0.0 3.806172e-05 3.804525e-05 -0.0008475804
4.36 0.0 0.0 0.0 0.0 0.0 0.0 -0.0003776728 -0.0003776456 -0.0005770237
4.38 0.0 0.0 0.0 0.0 0.0 0.0 -0.0003309446 -0.0003308996 -0.0006576073
4.4 0.0 0.0 0.0 0.0 0.0 0.0 -0.000768425 -0.000768374 -0.0006148277
4.42 0.0 0.0 0.0 0.0 0.0 0.0 -0.001084643 -0.001084571 -0.0008582989
4.44 0.0 0.0 0.0 0.0 0.0 0.0 -0.001036245 -0.00103617 -0.001502076
4.46 0.0 0.0 0.0 0.0 0.0 0.0 -0.00107524 -0.001075215 -0.001752258
4.48 0.0 0.0 0.0 0.0 0.0 0.0 -0.001207195 -0.001207176 -0.0009471845
4.5 0.0 0.0 0.0 0.0 0.0 0.0 -0.001146683 -0.001146636 0.0003586825
4.5200000000000005 0.0 0.0 0.0 0.0 0.0 0.0 -0.0005387447 -0.0005386858 0.001501925
4.54 0.0 0.0 0.0 0.0 0.0 0.0 0.001302253 0.001302263 0.002709146
4.5600000000000005 0.0 0.0 0.0 0.0 0.0 0.0 0.003911584 0.003911567 0.002080138
4.58 0.0 0.0 0.0 0.0 0.0 0.0 0.003295916 0.003295966 0.001901982
4.6000000000000005 0.0 0.0 0.0 0.0 0.0 0.0 0.002494073 0.002494102 0.001692555
4.62 0.0 0.0 0.0 0.0 0.0 0.0 0.001879291 0.001879278 0.001366284
4.64 0.0 0.0 0.0 0.0 0.0 0.0 0.001415995 0.001415994 0.001267526
4.66 0.0 0.0 0.0 0.0 0.0 0.0 0.001308559 0.001308581 0.001630521
4.68 0.0 0.0 0.0 0.0 0.0 0.0 0.001570122 0.00157013 0.002636115
4.7 0.0 0.0 0.0 0.0 0.0 0.0 0.0014768 0.001476754 0.003190021
4.72 0.0 0.0 0.0 0.0 0.0 0.0 0.002069926 0.002069873 0.00456591
4.74 0.0 0.0 0.0 0.0 0.0 0.0 0.002210418 0.002210361 0.005091399
4.76 0.0 0.0 0.0 0.0 0.0 0.0 0.001428109 0.001428063 0.004509645
4.78 0.0 0.0 0.0 0.0 0.0 0.0 0.0003893568 0.0003893196 0.004066741
4.8 0.0 0.0 0.0 0.0 0.0 0.0 0.00531203 0.005311983 0.00497929
4.82 0.0 0.0 0.0 0.0 0.0 0.0 0.008287498 0.008287462 0.007201311
4.84 0.0 0.0 0.0 0.0 0.0 0.0 0.006347655 0.006347569 0.00836958
4.86 0.0 0.0 0.0 0.0 0.0 0.0 0.004759929 0.004759841 0.007661045
4.88 0.0 0.0 0.0 0.0 0.0 0.0 0.003462847 0.00346283 0.006333391
4.9 0.0 0.0 0.0 0.0 0.0 0.0 0.002314973 0.00231497 0.005308302
4.92 0.0 0.0 0.0 0.0 0.0 0.0 0.001527176 0.001527147 0.004417476
4.94 0.0 0.0 0.0 0.0 0.0 0.0 0.001013219 0.001013208 0.003483779
4.96 0.0 0.0 0.0 0.0 0.0 0.0 0.0007164567 0.0007164174 0.002772002
4.98 0.0 0.0 0.0 0.0 0.0 0.0 0.0005068075 0.0005067703 0.002432979
5.0 0.0 0.0 0.0 0.0 0.0 0.0 0.0003333762 0.0003333074 0.002180828
5.0200000000000005 0.0 0.0 0.0 0.0 0.0 0.0 0.0004565676 0.0004565501 0.001144877
5.04 0.0 0.0 0.0 0.0 0.0 0.0 0.0005421052 0.0005421354 -0.0002700011
5.0600000000000005 0.0 0.0 0.0 0.0 0.0 0.0 0.0006590999 0.0006591651 -0.0009601616
5.08 0.0 0.0 0.0 0.0 0.0 0.0 0.0005620422 0.0005620937 -0.0008638743
5.1000000000000005 0.0 0.0 0.0 0.0 0.0 0.0 0.0003037535 0.0003038216 -4.073956e-05
5.12 0.0 0.0 0.0 0.0 0.0 0.0 0.000546077 0.000546098 0.001335524
5.14 0.0 0.0 0.0 0.0 0.0 0.0 0.0004843755 0.0004843603 0.001025412
5.16 0.0 0.0 0.0 0.0 0.0 0.0 0.0004907164 0.0004907185 0.0002582418
5.18 0.0 0.0 0.0 0.0 0.0 0.0 0.0006357126 0.0006357852 -0.001792258
5.2 0.0 0.0 0.0 0.0 0.0 0.0 0.0008776929 0.0008777711 -0.003782864
5.22 0.0 0.0 0.0 0.0 0.0 0.0 0.0004524317 0.0004525152 -0.003955386
5.24 0.0 0.0 0.0 0.0 0.0 0.0 0.000108071 0.0001081676 -0.003295332
5.26 0.0 0.0 0.0 0.0 0.0 0.0 -0.0001628031 -0.00016276 -0.003150861
5.28 0.0 0.0 0.0 0.0 0.0 0.0 -0.0003766467 -0.0003766415 -0.002995076
5.3 0.0 0.0 0.0 0.0 0.0 0.0 -0.0003409042 -0.00034092 -0.001999752
5.32 0.0 0.0 0.0 0.0 0.0 0.0 -0.0006549939 -0.0006549837 -0.0007260265
5.34 0.0 0.0 0.0 0.0 0.0 0.0 -0.0007171469 -0.0007171135 -2.123113e-05
5.36 0.0 0.0 0.0 0.0 0.0 0.0 -0.0003675571 -0.0003675619 0.0001058054
5.38 0.0 0.0 0.0 0.0 0.0 0.0 -0.0002438879 -0.0002438926 0.0003548589
5.4 0.0 0.0 0.0 0.0 0.0 0.0 -0.0003532552 -0.0003532718 0.0007612584
5.42 0.0 0.0 0.0 0.0 0.0 0.0 -0.0006139636 -0.0006140459 0.00101839
5.44 0.0 0.0 0.0 0.0 0.0 0.0 -0.0007288606 -0.0007289076 0.0007813216
5.46 0.0 0.0 0.0 0.0 0.0 0.0 -0.001073582 -0.001073602 0.00012603
5.48 0.0 0.0 0.0 0.0 0.0 0.0 -0.001449502 -0.001449468 -0.0005241718
5.5 0.0 0.0 0.0 0.0 0.0 0.0 -0.001343491 -0.001343508 -0.0008584014
5.5200000000000005 0.0 0.0 0.0 0.0 0.0 0.0 -0.001640143 -0.001640139 -0.0008524553
5.54 0.0 0.0 0.0 0.0 0.0 0.0 -0.0009796455 -0.0009796168 -0.0008434332
5.5600000000000005 0.0 0.0 0.0 0.0 0.0 0.0 -0.001372759 -0.001372708 0.0001744447
5.58 0.0 0.0 0.0 0.0 0.0 0.0 -0.000860604 -0.000860552 -0.000247715
5.6000000000000005 0.0 0.0 0.0 0.0 0.0 0.0 -0.0005633487 -0.000563326 -0.0002249294
5.62 0.0 0.0 0.0 0.0 0.0 0.0 -0.0002069868 -0.0002070147 0.0004101236
5.64 0.0 0.0 0.0 0.0 0.0 0.0 -0.0003215484 -0.0003215973 0.0008286231
5.66 0.0 0.0 0.0 0.0 0.0 0.0 -0.0002222222 -0.000222198 0.0003498714
5.68 0.0 0.0 0.0 0.0 0.0 0.0 5.085637e-05 5.08818e-05 -0.001356189
5.7 0.0 0.0 0.0 0.0 0.0 0.0 1.139891e-05 1.140346e-05 -0.002419155
5.72 0.0 0.0 0.0 0.0 0.0 0.0 -0.0003888315 -0.0003888199 -0.001716198
5.74 0.0 0.0 0.0 0.0 0.0 0.0 -0.0003270028 -0.0003270047 -0.0006029321
5.76 0.0 0.0 0.0 0.0 0.0 0.0 -5.741993e-05 -5.744648e-05 -0.0001832317
5.78 0.0 0.0 0.0 0.0 0.0 0.0 0.0005472064 0.0005471832 -0.0005290248
5.8 0.0 0.0 0.0 0.0 0.0 0.0 -0.0002979511 -0.000297968 -0.00122657
5.82 0.0 0.0 0.0 0.0 0.0 0.0 -0.0003691478 -0.0003691663 -0.001407993
5.84 0.0 0.0 0.0 0.0 0.0 0.0 -2.40285e-05 -2.406488e-05 -0.001115574
5.86 0.0 0.0 0.0 0.0 0.0 0.0 0.0004384056 0.0004383034 -0.0005187266
5.88 0.0 0.0 0.0 0.0 0.0 0.0 0.0007760559 0.0007760101 0.0002792653
5.9 0.0 0.0 0.0 0.0 0.0 0.0 0.0008906175 0.0008906477 0.001045512
5.92 0.0 0.0 0.0 0.0 0.0 0.0 0.0008497049 0.0008497405 0.00150767
5.94 0.0 0.0 0.0 0.0 0.0 0.0 0.0006515458 0.0006515793 0.001686274
5.96 0.0 0.0 0.0 0.0 0.0 0.0 2.196731e-05 2.196337e-05 0.001600344
5.98 0.0 0.0 0.0 0.0 0.0 0.0 -0.0006106934 -0.0006106471 0.001192371
6.0 0.0 0.0 0.0 0.0 0.0 0.0 -0.0003890011 -0.0003890093 0.001436961
6.0200000000000005 0.0 0.0 0.0 0.0 0.0 0.0 -0.0006228051 -0.0006227725 0.001337195
6.04 0.0 0.0 0.0 0.0 0.0 0.0 -0.0009438103 -0.0009438251 0.001672402
6.0600000000000005 0.0 0.0 0.0 0.0 0.0 0.0 -0.001231583 -0.001231568 0.001917416
6.08 0.0 0.0 0.0 0.0 0.0 0.0 -0.001059135 -0.00105913 0.0009461268
6.1000000000000005 0.0 0.0 0.0 0.0 0.0 0.0 -0.0005747445 -0.0005747853 -0.0001322762
6.12 0.0 0.0 0.0 0.0 0.0 0.0 -0.0001378651 -0.000137881 0.0001228767
6.140000000000001 0.0 0.0 0.0 0.0 0.0 0.0 -0.0003315886 -0.0003315967 0.001496521
6.16 0.0 0.0 0.0 0.0 0.0 0.0 -0.0003202446 -0.0003202233 0.002879194
6.18 0.0 0.0 0.0 0.0 0.0 0.0 -0.0002820155 -0.0002820684 0.003162244
6.2 0.0 0.0 0.0 0.0 0.0 0.0 -0.0002364972 -0.0002366176 0.002479105
6.22 0.0 0.0 0.0 0.0 0.0 0.0 -0.0001844495 -0.0001845528 0.001668849
6.24 0.0 0.0 0.0 0.0 0.0 0.0 7.579802e-05 7.572251e-05 0.0009499189
6.26 0.0 0.0 0.0 0.0 0.0 0.0 0.0004070461 0.0004070033 4.79369e-05
6.28 0.0 0.0 0.0 0.0 0.0 0.0 0.0005936751 0.0005936328 -0.0008345532
6.3 0.0 0.0 0.0 0.0 0.0 0.0 0.0006352778 0.000635218 -0.001212681
6.32 0.0 0.0 0.0 0.0 0.0 0.0 0.0009506426 0.0009506283 -0.001559526
6.34 0.0 0.0 0.0 0.0 0.0 0.0 0.0006868779 0.0006869484 -0.001766511
6.36 0.0 0.0 0.0 0.0 0.0 0.0 0.0006939423 0.0006940333 -0.001813869
6.38 0.0 0.0 0.0 0.0 0.0 0.0 0.0006125908 0.0006126043 -0.000881603
6.4 0.0 0.0 0.0 0.0 0.0 0.0 0.0008616393 0.000861656 -0.0002829615
6.42 0.0 0.0 0.0 0.0 0.0 0.0 0.0008456858 0.0008456709 -3.321544e-05
6.44 0.0 0.0 0.0 0.0 0.0 0.0 0.001064135 0.001064075 0.0007103029
6.46 0.0 0.0 0.0 0.0 0.0 0.0 0.0008494933 0.0008494086 0.001275552
6.48 0.0 0.0 0.0 0.0 0.0 0.0 0.0001841731 0.0001841216 0.0009697691
6.5 0.0 0.0 0.0 0.0 0.0 0.0 -0.0005454223 -0.0005454652 -6.741821e-05
6.5200000000000005 0.0 0.0 0.0 0.0 0.0 0.0 -0.0009438962 -0.0009438842 -0.001043485
6.54 0.0 0.0 0.0 0.0 0.0 0.0 -0.0009780804 -0.0009780499 -0.001106313
6.5600000000000005 0.0 0.0 0.0 0.0 0.0 0.0 -0.0008983318 -0.000898245 -0.001100202
6.58 0.0 0.0 0.0 0.0 0.0 0.0 -0.0009369868 -0.0009368985 -0.001612189
6.6000000000000005 0.0 0.0 0.0 0.0 0.0 0.0 -0.0007701429 -0.0007700938 -0.002082154
6.62 0.0 0.0 0.0 0.0 0.0 0.0 -0.001045446 -0.001045388 -0.001455583
6.640000000000001 0.0 0.0 0.0 0.0 0.0 0.0 -0.001276136 -0.001276103 0.000202203
6.66 0.0 0.0 0.0 0.0 0.0 0.0 -0.001120818 -0.001120804 0.001630941
6.68 0.0 0.0 0.0 0.0 0.0 0.0 -0.0007299628 -0.0007299543 0.002272248
6.7 0.0 0.0 0.0 0.0 0.0 0.0 -0.0002196337 -0.0002196229 0.002149254
6.72 0.0 0.0 0.0 0.0 0.0 0.0 0.0001543691 0.0001544271 0.001120295
6.74 0.0 0.0 0.0 0.0 0.0 0.0 0.0004836976 0.0004837127 3.751179e-05
6.76 0.0 0.0 0.0 0.0 0.0 0.0 0.0004815507 0.0004815835 -0.0006094867
6.78 0.0 0.0 0.0 0.0 0.0 0.0 0.0003861878 0.000386202 -0.0001959429
6.8 0.0 0.0 0.0 0.0 0.0 0.0 0.0007031299 0.0007030957 -0.0002499551
6.82 0.0 0.0 0.0 0.0 0.0 0.0 0.0007743739 0.0007743207 7.453122e-08
6.84 0.0 0.0 0.0 0.0 0.0 0.0 0.0006455903 0.000645598 -0.0002182915
6.86 0.0 0.0 0.0 0.0 0.0 0.0 0.0006297087 0.000629716 -0.001038547
6.88 0.0 0.0 0.0 0.0 0.0 0.0 0.0002112571 0.0002112651 -0.001241926
6.9 0.0 0.0 0.0 0.0 0.0 0.0 0.0001621833 0.0001622099 -0.001137687
6.92 0.0 0.0 0.0 0.0 0.0 0.0 0.0003657779 0.0003658384 -0.001002774
6.94 0.0 0.0 0.0 0.0 0.0 0.0 0.0006748579 0.0006748882 -7.714181e-05
6.96 0.0 0.0 0.0 0.0 0.0 0.0 0.0005215068 0.0005215274 0.0007223978
6.98 0.0 0.0 0.0 0.0 0.0 0.0 0.0002059572 0.0002060663 0.0007548143
7.0 0.0 0.0 0.0 0.0 0.0 0.0 6.184073e-05 6.18973e-05 -9.288968e-05
7.0200000000000005 0.0 0.0 0.0 0.0 0.0 0.0 3.524598e-05 3.52699e-05 -0.000923766
7.04 0.0 0.0 0.0 0.0 0.0 0.0 -0.0003889072 -0.0003889204 -0.0009289847
7.0600000000000005 0.0 0.0 0.0 0.0 0.0 0.0 -0.0005490378 -0.0005490916 -0.0003672561
7.08 0.0 0.0 0.0 0.0 0.0 0.0 -0.001103277 -0.001103341 0.0004149008
7.1000000000000005 0.0 0.0 0.0 0.0 0.0 0.0 -0.001291928 -0.001291936 0.0006780548
7.12 0.0 0.0 0.0 0.0 0.0 0.0 -0.001397525 -0.001397562 0.0004206023
7.140000000000001 0.0 0.0 0.0 0.0 0.0 0.0 -0.001257074 -0.001257085 5.241103e-05
7.16 0.0 0.0 0.0 0.0 0.0 0.0 -0.0008690493 -0.0008690297 -0.0004747018
7.18 0.0 0.0 0.0 0.0 0.0 0.0 -0.0003634558 -0.0003633833 -0.0003870145
7.2 0.0 0.0 0.0 0.0 0.0 0.0 0.0003765277 0.0003766043 -0.000367196
7.22 0.0 0.0 0.0 0.0 0.0 0.0 0.0004755455 0.0004756152 0.0002070042
7.24 0.0 0.0 0.0 0.0 0.0 0.0 0.0008540301 0.0008541619 -0.0002942705
7.26 0.0 0.0 0.0 0.0 0.0 0.0 0.001011027 0.001011072 -0.0005026767
7.28 0.0 0.0 0.0 0.0 0.0 0.0 0.001255275 0.001255285 0.0001264068
7.3 0.0 0.0 0.0 0.0 0.0 0.0 0.001282222 0.001282219 0.0003786679
7.32 0.0 0.0 0.0 0.0 0.0 0.0 0.001210967 0.001210951 0.0002195843
7.34 0.0 0.0 0.0 0.0 0.0 0.0 0.00129231 0.001292198 -0.000320042
7.36 0.0 0.0 0.0 0.0 0.0 0.0 0.001308157 0.001308085 -0.001032309
7.38 0.0 0.0 0.0 0.0 0.0 0.0 0.0006650131 0.0006649897 -0.001486245
7.4 0.0 0.0 0.0 0.0 0.0 0.0 -3.145159e-05 -3.147861e-05 -0.00155171
7.42 0.0 0.0 0.0 0.0 0.0 0.0 -0.0001684541 -0.0001684388 -0.001071001
7.44 0.0 0.0 0.0 0.0 0.0 0.0 2.016363e-05 2.010758e-05 -0.0002401971
7.46 0.0 0.0 0.0 0.0 0.0 0.0 7.962997e-05 7.954222e-05 0.0005373234
7.48 0.0 0.0 0.0 0.0 0.0 0.0 0.000206023 0.0002059835 0.0008673201
7.5 0.0 0.0 0.0 0.0 0.0 0.0 -0.000194435 -0.0001944401 0.0004385939
7.5200000000000005 0.0 0.0 0.0 0.0 0.0 0.0 -0.0006117155 -0.0006117304 0.000413321
7.54 0.0 0.0 0.0 0.0 0.0 0.0 -0.001210875 -0.001210874 0.0008163823
7.5600000000000005 0.0 0.0 0.0 0.0 0.0 0.0 -0.001364639 -0.001364671 0.001171137
7.58 0.0 0.0 0.0 0.0 0.0 0.0 -0.00121052 -0.001210507 0.00129198
7.6000000000000005 0.0 0.0 0.0 0.0 0.0 0.0 -0.001116437 -0.001116486 0.001168655
7.62 0.0 0.0 0.0 0.0 0.0 0.0 -0.0006816592 -0.0006817085 0.000590493
7.640000000000001 0.0 0.0 0.0 0.0 0.0 0.0 -0.0007790378 -0.000779066 -0.0006693356
7.66 0.0 0.0 0.0 0.0 0.0 0.0 -0.0004671341 -0.0004670859 -0.000830511
7.68 0.0 0.0 0.0 0.0 0.0 0.0 -0.0002773701 -0.0002773693 -0.0007183885
7.7 0.0 0.0 0.0 0.0 0.0 0.0 -0.0003376834 -0.0003376619 -0.0001281054
7.72 0.0 0.0 0.0 0.0 0.0 0.0 8.818894e-05 8.815516e-05 0.001079017
7.74 0.0 0.0 0.0 0.0 0.0 0.0 0.0006882547 0.0006883179 0.001170657
7.76 0.0 0.0 0.0 0.0 0.0 0.0 0.001194077 0.001194119 1.575045e-05
7.78 0.0 0.0 0.0 0.0 0.0 0.0 0.001295694 0.001295717 -0.001347622
7.8 0.0 0.0 0.0 0.0 0.0 0.0 0.001298651 0.001298641 -0.002039949
7.82 0.0 0.0 0.0 0.0 0.0 0.0 0.001582532 0.001582479 -0.002015973
7.84 0.0 0.0 0.0 0.0 0.0 0.0 0.00163746 0.001637438 -0.00154708
7.86 0.0 0.0 0.0 0.0 0.0 0.0 0.001473866 0.001473838 -0.00079112
7.88 0.0 0.0 0.0 0.0 0.0 0.0 0.001095333 0.001095362 -0.0008169681
7.9 0.0 0.0 0.0 0.0 0.0 0.0 0.0004065802 0.0004066354 -0.001677204
7.92 0.0 0.0 0.0 0.0 0.0 0.0 -4.008774e-05 -4.001558e-05 -0.002462459
7.94 0.0 0.0 0.0 0.0 0.0 0.0 -0.0002754891 -0.0002754016 -0.002829727
7.96 0.0 0.0 0.0 0.0 0.0 0.0 -0.0003561574 -0.0003561057 -0.002557798
7.98 0.0 0.0 0.0 0.0 0.0 0.0 -0.0004959613 -0.0004958954 -0.001806487
8.0 0.0 0.0 0.0 0.0 0.0 0.0 -0.0005257384 -0.0005257002 -0.0003543235
8.02 0.0 0.0 0.0 0.0 0.0 0.0 -0.0006412375 -0.0006411815 0.0001066566
8.040000000000001 0.0 0.0 0.0 0.0 0.0 0.0 -0.0008075234 -0.0008073932 0.0006287932
8.06 0.0 0.0 0.0 0.0 0.0 0.0 -0.0005024646 -0.0005023694 0.0008464644
8.08 0.0 0.0 0.0 0.0 0.0 0.0 -0.0005115404 -0.0005115346 0.0006335948
8.1 0.0 0.0 0.0 0.0 0.0 0.0 -0.0001483706 -0.0001484506 0.001377209
8.120000000000001 0.0 0.0 0.0 0.0 0.0 0.0 -0.0004231493 -0.0004232367 0.002516434
8.14 0.0 0.0 0.0 0.0 0.0 0.0 -0.0008679174 -0.0008680309 0.002911375
8.16 0.0 0.0 0.0 0.0 0.0 0.0 -0.001305168 -0.001305194 0.002650101
8.18 0.0 0.0 0.0 0.0 0.0 0.0 -0.001496445 -0.001496454 0.002197049
8.2 0.0 0.0 0.0 0.0 0.0 0.0 -0.00097835 -0.0009783125 0.001279319
8.22 0.0 0.0 0.0 0.0 0.0 0.0 -0.0004375383 -0.0004375523 -9.702533e-05
8.24 0.0 0.0 0.0 0.0 0.0 0.0 -0.0002650991 -0.000265174 -0.001197147
8.26 0.0 0.0 0.0 0.0 0.0 0.0 0.0002734586 0.0002733718 -0.001997108
8.28 0.0 0.0 0.0 0.0 0.0 0.0 0.0006912942 0.0006912151 -0.002440625
8.3 0.0 0.0 0.0 0.0 0.0 0.0 0.001338228 0.001338198 -0.002210482
8.32 0.0 0.0 0.0 0.0 0.0 0.0 0.001314052 0.00131401 -0.00143819
8.34 0.0 0.0 0.0 0.0 0.0 0.0 0.0016316 0.001631599 -0.000479736
8.36 0.0 0.0 0.0 0.0 0.0 0.0 0.001793936 0.001793998 4.67171e-05
8.38 0.0 0.0 0.0 0.0 0.0 0.0 0.001789838 0.001789901 -0.0002063301
8.4 0.0 0.0 0.0 0.0 0.0 0.0 0.001566799 0.001566844 -0.001103231
8.42 0.0 0.0 0.0 0.0 0.0 0.0 0.0007368984 0.0007369022 -0.002503926
8.44 0.0 0.0 0.0 0.0 0.0 0.0 9.2956e-05 9.2945e-05 -0.002406822
8.46 0.0 0.0 0.0 0.0 0.0 0.0 -0.0005963873 -0.0005964195 -0.002211126
8.48 0.0 0.0 0.0 0.0 0.0 0.0 -0.0002723972 -0.0002724248 -0.001861412
8.5 0.0 0.0 0.0 0.0 0.0 0.0 -0.0002660457 -0.0002660109 -0.001670328
8.52 0.0 0.0 0.0 0.0 0.0 0.0 -0.000294908 -0.0002949159 -0.002174517
8.540000000000001 0.0 0.0 0.0 0.0 0.0 0.0 -0.0003540967 -0.0003540439 -0.002437449
8.56 0.0 0.0 0.0 0.0 0.0 0.0 -0.0005410129 -0.0005409804 -0.001863692
8.58 0.0 0.0 0.0 0.0 0.0 0.0 -0.0007207404 -0.0007207812 -0.0008770318
8.6 0.0 0.0 0.0 0.0 0.0 0.0 -0.0009325058 -0.000932561 0.0005081462
8.620000000000001 0.0 0.0 0.0 0.0 0.0 0.0 -0.0007025303 -0.0007026288 0.002270392
8.64 0.0 0.0 0.0 0.0 0.0 0.0 -0.0004448032 -0.0004448608 0.003477897
8.66 0.0 0.0 0.0 0.0 0.0 0.0 -0.0007146174 -0.0007146196 0.003025804
8.68 0.0 0.0 0.0 0.0 0.0 0.0 -0.0004636272 -0.0004636065 0.001778619
8.700000000000001 0.0 0.0 0.0 0.0 0.0 0.0 -0.000494414 -0.0004944325 0.0004852771
8.72 0.0 0.0 0.0 0.0 0.0 0.0 9.767152e-06 9.695541e-06 -0.0003939821
8.74 0.0 0.0 0.0 0.0 0.0 0.0 0.0003116985 0.0003116489 -0.0003627736
8.76 0.0 0.0 0.0 0.0 0.0 0.0 0.0001724253 0.0001723478 0.0004207906
8.78 0.0 0.0 0.0 0.0 0.0 0.0 -3.594008e-05 -3.601084e-05 0.0009734064
8.8 0.0 0.0 0.0 0.0 0.0 0.0 0.0001546051 0.0001545848 0.0002178511
8.82 0.0 0.0 0.0 0.0 0.0 0.0 0.0008851527 0.0008851032 -0.001504966
8.84 0.0 0.0 0.0 0.0 0.0 0.0 0.0009222513 0.0009222721 -0.002534593
8.86 0.0 0.0 0.0 0.0 0.0 0.0 0.001190751 0.001190751 -0.002465294
8.88 0.0 0.0 0.0 0.0 0.0 0.0 0.001247976 0.001247966 -0.0009588554
8.9 0.0 0.0 0.0 0.0 0.0 0.0 0.000754612 0.0007545811 0.0004123619
8.92 0.0 0.0 0.0 0.0 0.0 0.0 0.000720905 0.0007209082 0.0007983536
8.94 0.0 0.0 0.0 0.0 0.0 0.0 0.0005188904 0.0005188876 0.0001400436
8.96 0.0 0.0 0.0 0.0 0.0 0.0 0.0001908356 0.000190892 -0.001453742
8.98 0.0 0.0 0.0 0.0 0.0 0.0 -0.000292538 -0.0002924666 -0.003132226
