TITLE = "Temporal Signal for receiver number 00007"
VARIABLES = "Time","xx","yy","zz","xy","yz","xz","u","v","w"
# x1       577.0
# x2       384.0
# x3       0.1
0.0 0.0 0.0 0.0 0.0 0.0 0.0 0.003405077 -0.001212789 0.001208868
0.02 0.0 0.0 0.0 0.0 0.0 0.0 0.0007940381 -0.00175787 0.003059783
0.04 0.0 0.0 0.0 0.0 0.0 0.0 -0.00254032 -0.001764624 0.005448832
0.06 0.0 0.0 0.0 0.0 0.0 0.0 -0.004643269 -0.00150013 0.005945614
0.08 0.0 0.0 0.0 0.0 0.0 0.0 -0.006366161 -0.0002396993 0.005070082
0.1 0.0 0.0 0.0 0.0 0.0 0.0 -0.00668249 0.001403504 0.003434785
0.12 0.0 0.0 0.0 0.0 0.0 0.0 -0.006625527 0.00168033 0.001871161
0.14 0.0 0.0 0.0 0.0 0.0 0.0 -0.007603679 0.001632351 0.002053068
0.16 0.0 0.0 0.0 0.0 0.0 0.0 -0.008769339 0.002758279 0.005630618
0.18 0.0 0.0 0.0 0.0 0.0 0.0 -0.007737252 0.002170486 0.009881797
0.2 0.0 0.0 0.0 0.0 0.0 0.0 -0.004309245 -0.00446219 0.01177425
0.22 0.0 0.0 0.0 0.0 0.0 0.0 -0.008906069 -0.002439391 0.01624996
0.24 0.0 0.0 0.0 0.0 0.0 0.0 -0.001475313 -0.001237487 0.01214301
0.26 0.0 0.0 0.0 0.0 0.0 0.0 -0.003502046 -0.01427303 0.009761592
0.28 0.0 0.0 0.0 0.0 0.0 0.0 -0.01260163 -0.01371824 0.01811609
0.3 0.0 0.0 0.0 0.0 0.0 0.0 -0.01525979 -0.006137657 0.02276803
0.32 0.0 0.0 0.0 0.0 0.0 0.0 -0.01223946 0.0007814682 0.0163417
0.34 0.0 0.0 0.0 0.0 0.0 0.0 -0.007614203 0.00538743 0.003153267
0.36 0.0 0.0 0.0 0.0 0.0 0.0 -0.002186292 0.005923352 -0.01013071
0.38 0.0 0.0 0.0 0.0 0.0 0.0 0.003522611 0.005072688 -0.02005711
0.4 0.0 0.0 0.0 0.0 0.0 0.0 0.007629803 0.004106609 -0.02301028
0.42 0.0 0.0 0.0 0.0 0.0 0.0 0.01025066 0.003683922 -0.0179745
0.44 0.0 0.0 0.0 0.0 0.0 0.0 0.2461325 0.1231608 -1.220452
0.46 0.0 0.0 0.0 0.0 0.0 0.0 0.2454128 -0.1104502 -2.231922
0.48 0.0 0.0 0.0 0.0 0.0 0.0 -0.01166265 -0.5135954 -2.089981
0.5 0.0 0.0 0.0 0.0 0.0 0.0 -0.2276397 -0.8570265 -2.021559
0.52 0.0 0.0 0.0 0.0 0.0 0.0 -0.4122299 -1.156855 -2.013788
0.54 0.0 0.0 0.0 0.0 0.0 0.0 -0.5700129 -1.424875 -2.05252
0.56 0.0 0.0 0.0 0.0 0.0 0.0 -0.7144606 -1.670643 -2.10428
0.58 0.0 0.0 0.0 0.0 0.0 0.0 -1.467443 -2.146919 0.4301063
0.6 0.0 0.0 0.0 0.0 0.0 0.0 -1.205811 -1.817003 0.07290648
0.62 0.0 0.0 0.0 0.0 0.0 0.0 -0.9991532 -1.60049 -0.2203912
0.64 0.0 0.0 0.0 0.0 0.0 0.0 -0.8627541 -1.422141 -0.4732161
0.66 0.0 0.0 0.0 0.0 0.0 0.0 -0.7640045 -1.296764 -0.6720637
0.68 0.0 0.0 0.0 0.0 0.0 0.0 -0.6937025 -1.220656 -0.817845
0.7000000000000001 0.0 0.0 0.0 0.0 0.0 0.0 -0.1192138 -0.927825 -0.893305
0.72 0.0 0.0 0.0 0.0 0.0 0.0 -0.2757681 -1.35847 -1.256087
0.74 0.0 0.0 0.0 0.0 0.0 0.0 -0.6189784 -1.872918 -1.662135
0.76 0.0 0.0 0.0 0.0 0.0 0.0 -0.9115059 -2.30336 -2.054362
0.78 0.0 0.0 0.0 0.0 0.0 0.0 -1.154564 -2.658975 -2.425253
0.8 0.0 0.0 0.0 0.0 0.0 0.0 -1.353844 -2.948367 -2.763974
0.8200000000000001 0.0 0.0 0.0 0.0 0.0 0.0 -1.527846 -3.204351 -3.069787
0.84 0.0 0.0 0.0 0.0 0.0 0.0 14.5796 24.22786 4.224787
0.86 0.0 0.0 0.0 0.0 0.0 0.0 10.60135 17.76949 3.815783
0.88 0.0 0.0 0.0 0.0 0.0 0.0 6.976722 11.85431 3.142492
0.9 0.0 0.0 0.0 0.0 0.0 0.0 4.275189 7.443431 2.548918
0.92 0.0 0.0 0.0 0.0 0.0 0.0 2.299549 4.20903 2.041376
0.9400000000000001 0.0 0.0 0.0 0.0 0.0 0.0 0.8781767 1.880993 1.716465
0.96 0.0 0.0 0.0 0.0 0.0 0.0 -0.09656838 0.2591707 1.3737
0.98 0.0 0.0 0.0 0.0 0.0 0.0 -0.7491815 -0.8396355 1.101783
1.0 0.0 0.0 0.0 0.0 0.0 0.0 -1.160424 -1.548072 0.8913184
1.02 0.0 0.0 0.0 0.0 0.0 0.0 -1.393858 -1.967383 0.7306002
1.04 0.0 0.0 0.0 0.0 0.0 0.0 -1.504673 -2.165718 0.6129823
1.06 0.0 0.0 0.0 0.0 0.0 0.0 -1.501491 -2.226663 0.4710194
1.08 0.0 0.0 0.0 0.0 0.0 0.0 -1.461808 -2.172183 0.3933473
1.1 0.0 0.0 0.0 0.0 0.0 0.0 -1.372234 -2.055005 0.3558917
1.12 0.0 0.0 0.0 0.0 0.0 0.0 -1.253397 -1.892394 0.3409994
1.1400000000000001 0.0 0.0 0.0 0.0 0.0 0.0 -1.122488 -1.694526 0.3412329
1.16 0.0 0.0 0.0 0.0 0.0 0.0 -0.9864105 -1.476347 0.3556295
1.18 0.0 0.0 0.0 0.0 0.0 0.0 -0.8261149 -1.240331 0.3850536
1.2 0.0 0.0 0.0 0.0 0.0 0.0 -0.6877221 -1.058938 0.3834562
1.22 0.0 0.0 0.0 0.0 0.0 0.0 -0.5921882 -0.9168648 0.3691506
1.24 0.0 0.0 0.0 0.0 0.0 0.0 -0.5026367 -0.7864522 0.3577586
1.26 0.0 0.0 0.0 0.0 0.0 0.0 -0.4232846 -0.6723066 0.3460413
1.28 0.0 0.0 0.0 0.0 0.0 0.0 -0.3572571 -0.5770649 0.3315741
1.3 0.0 0.0 0.0 0.0 0.0 0.0 -0.3041314 -0.5020062 0.256927
1.32 0.0 0.0 0.0 0.0 0.0 0.0 -0.2663867 -0.4473623 0.01230287
1.34 0.0 0.0 0.0 0.0 0.0 0.0 -0.2326107 -0.4043012 0.003509027
1.36 0.0 0.0 0.0 0.0 0.0 0.0 -0.2060806 -0.3795049 -0.0209956
1.3800000000000001 0.0 0.0 0.0 0.0 0.0 0.0 -0.1910774 -0.3711359 -0.05913591
1.4000000000000001 0.0 0.0 0.0 0.0 0.0 0.0 -0.1865275 -0.3827484 -0.1114691
1.42 0.0 0.0 0.0 0.0 0.0 0.0 -0.1921392 -0.4143341 -0.1813366
1.44 0.0 0.0 0.0 0.0 0.0 0.0 -0.2568098 -0.4738204 -0.2630937
1.46 0.0 0.0 0.0 0.0 0.0 0.0 -0.2427105 -0.4487112 -0.3468351
1.48 0.0 0.0 0.0 0.0 0.0 0.0 -0.210579 -0.4488498 -0.4440212
1.5 0.0 0.0 0.0 0.0 0.0 0.0 -0.2023134 -0.4593266 -0.5484418
1.52 0.0 0.0 0.0 0.0 0.0 0.0 -0.2162797 -0.4962009 -0.6694999
1.54 0.0 0.0 0.0 0.0 0.0 0.0 -0.2432997 -0.5630623 -0.8106854
1.56 0.0 0.0 0.0 0.0 0.0 0.0 -0.4170317 -0.7184705 -0.6145868
1.58 0.0 0.0 0.0 0.0 0.0 0.0 -0.4524939 -0.665446 -0.3720775
1.6 0.0 0.0 0.0 0.0 0.0 0.0 -0.3552005 -0.5219359 -0.383942
1.62 0.0 0.0 0.0 0.0 0.0 0.0 -0.2748185 -0.4035576 -0.3910543
1.6400000000000001 0.0 0.0 0.0 0.0 0.0 0.0 -0.208403 -0.3049457 -0.3929253
1.6600000000000001 0.0 0.0 0.0 0.0 0.0 0.0 -0.1551892 -0.2196095 -0.3903503
1.68 0.0 0.0 0.0 0.0 0.0 0.0 -0.1211045 -0.1511433 -0.3815157
1.7 0.0 0.0 0.0 0.0 0.0 0.0 -0.1115881 -0.0701009 -0.3478559
1.72 0.0 0.0 0.0 0.0 0.0 0.0 -0.05030916 0.06015942 -0.2827236
1.74 0.0 0.0 0.0 0.0 0.0 0.0 0.01556091 0.2001219 -0.1972465
1.76 0.0 0.0 0.0 0.0 0.0 0.0 0.08710997 0.3534514 -0.09071894
1.78 0.0 0.0 0.0 0.0 0.0 0.0 0.1644368 0.5250421 0.03789751
1.8 0.0 0.0 0.0 0.0 0.0 0.0 0.2494033 0.7163244 0.1974789
1.82 0.0 0.0 0.0 0.0 0.0 0.0 -0.8687312 -1.504025 -0.04692563
1.84 0.0 0.0 0.0 0.0 0.0 0.0 -0.8445973 -1.517031 -0.1235822
1.86 0.0 0.0 0.0 0.0 0.0 0.0 -0.6066422 -1.104857 -0.1220882
1.8800000000000001 0.0 0.0 0.0 0.0 0.0 0.0 -0.4196288 -0.7798543 -0.1118493
1.9000000000000001 0.0 0.0 0.0 0.0 0.0 0.0 -0.2746714 -0.5224037 -0.09647046
1.92 0.0 0.0 0.0 0.0 0.0 0.0 -0.1588456 -0.324216 -0.07660637
1.94 0.0 0.0 0.0 0.0 0.0 0.0 -0.07000385 -0.1639703 -0.05369396
1.96 0.0 0.0 0.0 0.0 0.0 0.0 -0.00353546 -0.0415067 -0.03026104
1.98 0.0 0.0 0.0 0.0 0.0 0.0 0.04712026 0.05288704 -0.003978154
2.0 0.0 0.0 0.0 0.0 0.0 0.0 0.08665792 0.1246577 0.02503552
2.02 0.0 0.0 0.0 0.0 0.0 0.0 0.117126 0.1830303 0.05692412
2.04 0.0 0.0 0.0 0.0 0.0 0.0 0.1395079 0.2319789 0.09141764
2.06 0.0 0.0 0.0 0.0 0.0 0.0 0.1621975 0.269634 0.09361741
2.08 0.0 0.0 0.0 0.0 0.0 0.0 0.1699767 0.2861608 0.1145434
2.1 0.0 0.0 0.0 0.0 0.0 0.0 0.175548 0.2964285 0.1340194
2.12 0.0 0.0 0.0 0.0 0.0 0.0 0.1800599 0.3014363 0.1510181
2.14 0.0 0.0 0.0 0.0 0.0 0.0 0.181778 0.2998656 0.1651863
2.16 0.0 0.0 0.0 0.0 0.0 0.0 0.1791427 0.2925411 0.1754221
2.18 0.0 0.0 0.0 0.0 0.0 0.0 0.1700996 0.2772676 0.1803317
2.2 0.0 0.0 0.0 0.0 0.0 0.0 0.1602708 0.26356 0.1849274
2.22 0.0 0.0 0.0 0.0 0.0 0.0 0.1524564 0.2476244 0.1871734
2.24 0.0 0.0 0.0 0.0 0.0 0.0 0.1440425 0.2262011 0.1822906
2.2600000000000002 0.0 0.0 0.0 0.0 0.0 0.0 0.1315206 0.2063792 0.1663837
2.2800000000000002 0.0 0.0 0.0 0.0 0.0 0.0 0.118766 0.1702654 0.1413538
2.3000000000000003 0.0 0.0 0.0 0.0 0.0 0.0 0.09207588 0.1275544 0.1156527
2.32 0.0 0.0 0.0 0.0 0.0 0.0 0.06366519 0.09793692 0.1158419
2.34 0.0 0.0 0.0 0.0 0.0 0.0 0.05449215 0.07865187 0.1043545
2.36 0.0 0.0 0.0 0.0 0.0 0.0 0.04669943 0.06038626 0.09049289
2.38 0.0 0.0 0.0 0.0 0.0 0.0 0.03677661 0.04602067 0.0755047
2.4 0.0 0.0 0.0 0.0 0.0 0.0 0.02632378 0.03351368 0.06111825
2.42 0.0 0.0 0.0 0.0 0.0 0.0 0.01881588 0.02226939 0.04627423
2.44 0.0 0.0 0.0 0.0 0.0 0.0 0.01846422 0.01347514 0.03213454
2.46 0.0 0.0 0.0 0.0 0.0 0.0 0.006536173 -0.0004735078 0.02127924
2.48 0.0 0.0 0.0 0.0 0.0 0.0 -0.00203149 -0.006977333 0.01566657
2.5 0.0 0.0 0.0 0.0 0.0 0.0 -0.004448099 -0.003173029 0.01779941
2.52 0.0 0.0 0.0 0.0 0.0 0.0 -0.001483932 0.01501147 0.02854178
2.54 0.0 0.0 0.0 0.0 0.0 0.0 0.007984664 0.04745879 0.04958157
2.56 0.0 0.0 0.0 0.0 0.0 0.0 0.06980873 0.1101558 0.01433077
2.58 0.0 0.0 0.0 0.0 0.0 0.0 0.0707625 0.104054 -0.006374924
2.6 0.0 0.0 0.0 0.0 0.0 0.0 0.05987559 0.08951202 -0.01444364
2.62 0.0 0.0 0.0 0.0 0.0 0.0 0.04964233 0.07406935 -0.01926418
2.64 0.0 0.0 0.0 0.0 0.0 0.0 0.04041902 0.05813512 -0.02361395
2.66 0.0 0.0 0.0 0.0 0.0 0.0 0.02840231 0.04668339 -0.02691493
2.68 0.0 0.0 0.0 0.0 0.0 0.0 0.02268204 0.03055652 -0.02858631
2.7 0.0 0.0 0.0 0.0 0.0 0.0 0.01187751 0.01479133 -0.03334767
2.72 0.0 0.0 0.0 0.0 0.0 0.0 0.0009483625 -0.009430866 -0.03920211
2.74 0.0 0.0 0.0 0.0 0.0 0.0 -0.01091708 -0.03899021 -0.04756481
2.7600000000000002 0.0 0.0 0.0 0.0 0.0 0.0 -0.02599503 -0.07019485 -0.05934622
2.7800000000000002 0.0 0.0 0.0 0.0 0.0 0.0 -0.04106537 -0.1092143 -0.0746111
2.8000000000000003 0.0 0.0 0.0 0.0 0.0 0.0 -0.01254271 -0.06716192 -0.0864245
2.82 0.0 0.0 0.0 0.0 0.0 0.0 0.1305016 0.2140622 -0.05975903
2.84 0.0 0.0 0.0 0.0 0.0 0.0 0.08808578 0.1490932 -0.05899438
2.86 0.0 0.0 0.0 0.0 0.0 0.0 0.05487429 0.09835609 -0.05756305
2.88 0.0 0.0 0.0 0.0 0.0 0.0 0.03161571 0.05895754 -0.0550947
2.9 0.0 0.0 0.0 0.0 0.0 0.0 0.01501082 0.0313332 -0.05126389
2.92 0.0 0.0 0.0 0.0 0.0 0.0 0.002837807 0.01436193 -0.04751777
2.94 0.0 0.0 0.0 0.0 0.0 0.0 -0.005469411 0.002182791 -0.04428337
2.96 0.0 0.0 0.0 0.0 0.0 0.0 -0.01027782 -0.005717207 -0.04126639
2.98 0.0 0.0 0.0 0.0 0.0 0.0 -0.01260795 -0.01010415 -0.03767166
3.0 0.0 0.0 0.0 0.0 0.0 0.0 -0.01208974 -0.01268152 -0.03307175
3.02 0.0 0.0 0.0 0.0 0.0 0.0 -0.01175897 -0.01433534 -0.02904213
3.04 0.0 0.0 0.0 0.0 0.0 0.0 -0.01154465 -0.01655876 -0.02735526
3.06 0.0 0.0 0.0 0.0 0.0 0.0 -0.0135778 -0.01817833 -0.02126183
3.08 0.0 0.0 0.0 0.0 0.0 0.0 -0.01481221 -0.01709436 -0.01821539
3.1 0.0 0.0 0.0 0.0 0.0 0.0 -0.01325092 -0.01828382 -0.01518621
3.12 0.0 0.0 0.0 0.0 0.0 0.0 -0.01448645 -0.01600234 -0.01155349
3.14 0.0 0.0 0.0 0.0 0.0 0.0 -0.01426293 -0.01721544 -0.008461843
3.16 0.0 0.0 0.0 0.0 0.0 0.0 -0.01306429 -0.0200142 -0.00530548
3.18 0.0 0.0 0.0 0.0 0.0 0.0 -0.01337365 -0.01949133 -0.003473771
3.2 0.0 0.0 0.0 0.0 0.0 0.0 -0.01433765 -0.02066107 -0.00401114
3.22 0.0 0.0 0.0 0.0 0.0 0.0 -0.01449971 -0.02401458 -0.004043026
3.24 0.0 0.0 0.0 0.0 0.0 0.0 -0.01471813 -0.02714908 -0.002536566
3.2600000000000002 0.0 0.0 0.0 0.0 0.0 0.0 -0.0160456 -0.02639996 0.0007331673
3.2800000000000002 0.0 0.0 0.0 0.0 0.0 0.0 -0.01686245 -0.02312803 0.007237283
3.3000000000000003 0.0 0.0 0.0 0.0 0.0 0.0 -0.01253834 -0.01697863 0.0145642
3.3200000000000003 0.0 0.0 0.0 0.0 0.0 0.0 -0.008419454 -0.01265822 0.01740032
3.34 0.0 0.0 0.0 0.0 0.0 0.0 -0.007611952 -0.008941941 0.02003979
3.36 0.0 0.0 0.0 0.0 0.0 0.0 -0.005410178 -0.004913813 0.02105562
3.38 0.0 0.0 0.0 0.0 0.0 0.0 -0.002264229 0.0002398269 0.02203033
3.4 0.0 0.0 0.0 0.0 0.0 0.0 0.0007818428 0.004874161 0.02372108
3.42 0.0 0.0 0.0 0.0 0.0 0.0 0.003748437 0.008205852 0.02605256
3.44 0.0 0.0 0.0 0.0 0.0 0.0 0.005687579 0.0126405 0.02895671
3.46 0.0 0.0 0.0 0.0 0.0 0.0 0.00801782 0.01819688 0.03086449
3.48 0.0 0.0 0.0 0.0 0.0 0.0 0.009613951 0.02196364 0.03003866
3.5 0.0 0.0 0.0 0.0 0.0 0.0 0.01179299 0.02020452 0.02902121
3.52 0.0 0.0 0.0 0.0 0.0 0.0 0.011699 0.01793645 0.02603702
3.54 0.0 0.0 0.0 0.0 0.0 0.0 0.01067959 0.008327628 0.01973395
3.56 0.0 0.0 0.0 0.0 0.0 0.0 -0.003814682 -0.005332534 0.02304229
3.58 0.0 0.0 0.0 0.0 0.0 0.0 -0.004454156 -0.005767584 0.02060143
3.6 0.0 0.0 0.0 0.0 0.0 0.0 -0.00345608 -0.00693602 0.01752015
3.62 0.0 0.0 0.0 0.0 0.0 0.0 -0.003372491 -0.005403718 0.01476766
3.64 0.0 0.0 0.0 0.0 0.0 0.0 -0.002965604 -0.005142691 0.01233694
3.66 0.0 0.0 0.0 0.0 0.0 0.0 -0.002121742 -0.005615585 0.01024385
3.68 0.0 0.0 0.0 0.0 0.0 0.0 -0.002016147 -0.005047925 0.008367824
3.7 0.0 0.0 0.0 0.0 0.0 0.0 -0.001625929 -0.003721002 0.006872561
3.72 0.0 0.0 0.0 0.0 0.0 0.0 -0.001942181 -0.000605349 0.006207838
3.74 0.0 0.0 0.0 0.0 0.0 0.0 -0.001614782 0.002368256 0.006138929
3.7600000000000002 0.0 0.0 0.0 0.0 0.0 0.0 0.0005523265 0.005530722 0.006212245
3.7800000000000002 0.0 0.0 0.0 0.0 0.0 0.0 0.004128914 0.01270011 0.006766882
3.8000000000000003 0.0 0.0 0.0 0.0 0.0 0.0 -0.009271761 -0.008199201 0.005988132
3.8200000000000003 0.0 0.0 0.0 0.0 0.0 0.0 -0.02577927 -0.04049094 0.002751925
3.84 0.0 0.0 0.0 0.0 0.0 0.0 -0.01884068 -0.02984026 0.002209543
3.86 0.0 0.0 0.0 0.0 0.0 0.0 -0.01283371 -0.02216306 0.0005447357
3.88 0.0 0.0 0.0 0.0 0.0 0.0 -0.008151172 -0.01566897 -0.00180746
3.9 0.0 0.0 0.0 0.0 0.0 0.0 -0.004123168 -0.01347703 -0.00237443
3.92 0.0 0.0 0.0 0.0 0.0 0.0 -0.002253648 -0.008599516 -0.003182066
3.94 0.0 0.0 0.0 0.0 0.0 0.0 -0.001521993 -0.005963871 -0.003559747
3.96 0.0 0.0 0.0 0.0 0.0 0.0 -0.0002869236 -0.005358797 -0.004976346
3.98 0.0 0.0 0.0 0.0 0.0 0.0 -0.001403493 -0.003213387 -0.006525055
4.0 0.0 0.0 0.0 0.0 0.0 0.0 -0.002261796 -0.003206567 -0.007692312
4.0200000000000005 0.0 0.0 0.0 0.0 0.0 0.0 -0.002399177 -0.003891 -0.008980352
4.04 0.0 0.0 0.0 0.0 0.0 0.0 -0.00236105 -0.003682174 -0.009506574
4.0600000000000005 0.0 0.0 0.0 0.0 0.0 0.0 -0.002267718 -0.00390431 -0.009678044
4.08 0.0 0.0 0.0 0.0 0.0 0.0 -0.003232424 -0.003997975 -0.009303364
4.1 0.0 0.0 0.0 0.0 0.0 0.0 -0.003041114 -0.004463428 -0.009327397
4.12 0.0 0.0 0.0 0.0 0.0 0.0 -0.002684546 -0.004374263 -0.009834933
4.14 0.0 0.0 0.0 0.0 0.0 0.0 -0.003716434 -0.003159196 -0.0102792
4.16 0.0 0.0 0.0 0.0 0.0 0.0 -0.004126099 -0.00336642 -0.01019589
4.18 0.0 0.0 0.0 0.0 0.0 0.0 -0.003893007 -0.003742407 -0.009777188
4.2 0.0 0.0 0.0 0.0 0.0 0.0 -0.00354463 -0.00271982 -0.008637708
4.22 0.0 0.0 0.0 0.0 0.0 0.0 -0.003435421 -0.001812522 -0.006953808
4.24 0.0 0.0 0.0 0.0 0.0 0.0 -0.002649742 -0.001032294 -0.005402981
4.26 0.0 0.0 0.0 0.0 0.0 0.0 -0.0009751351 -0.0004332234 -0.004693932
4.28 0.0 0.0 0.0 0.0 0.0 0.0 -3.219765e-05 0.0004490886 -0.004307209
4.3 0.0 0.0 0.0 0.0 0.0 0.0 0.001229019 -0.002224369 -0.003847134
4.32 0.0 0.0 0.0 0.0 0.0 0.0 -0.0003576283 -0.001012069 -0.002637938
4.34 0.0 0.0 0.0 0.0 0.0 0.0 0.000633618 -0.0008500117 -0.0007864932
4.36 0.0 0.0 0.0 0.0 0.0 0.0 -0.0001885119 -0.0006070725 -0.0005380734
4.38 0.0 0.0 0.0 0.0 0.0 0.0 1.254096e-05 -0.0008162249 -0.0006130221
4.4 0.0 0.0 0.0 0.0 0.0 0.0 -0.000259091 -0.00141798 -0.000568857
4.42 0.0 0.0 0.0 0.0 0.0 0.0 -0.0004950691 -0.001801358 -0.0007914308
4.44 0.0 0.0 0.0 0.0 0.0 0.0 -0.0007040866 -0.001395996 -0.00138782
4.46 0.0 0.0 0.0 0.0 0.0 0.0 -0.000616051 -0.001610481 -0.001617419
4.48 0.0 0.0 0.0 0.0 0.0 0.0 -0.001086724 -0.001199849 -0.0008738322
4.5 0.0 0.0 0.0 0.0 0.0 0.0 -0.001277088 -0.0007853914 0.0003290452
4.5200000000000005 0.0 0.0 0.0 0.0 0.0 0.0 -0.001050759 0.0003061257 0.001387691
4.54 0.0 0.0 0.0 0.0 0.0 0.0 0.0001491871 0.002846747 0.002499026
4.5600000000000005 0.0 0.0 0.0 0.0 0.0 0.0 0.002926479 0.004817377 0.00192097
4.58 0.0 0.0 0.0 0.0 0.0 0.0 0.002335586 0.004244731 0.001756537
4.6000000000000005 0.0 0.0 0.0 0.0 0.0 0.0 0.001215366 0.004055182 0.001564335
4.62 0.0 0.0 0.0 0.0 0.0 0.0 0.0006898275 0.003389535 0.001264504
4.64 0.0 0.0 0.0 0.0 0.0 0.0 0.00119777 0.001533071 0.001169789
4.66 0.0 0.0 0.0 0.0 0.0 0.0 0.0009536828 0.00164812 0.001510463
4.68 0.0 0.0 0.0 0.0 0.0 0.0 0.001247487 0.001822604 0.002432159
4.7 0.0 0.0 0.0 0.0 0.0 0.0 0.0003180978 0.003006895 0.002946278
4.72 0.0 0.0 0.0 0.0 0.0 0.0 0.001985923 0.001886615 0.004209008
4.74 0.0 0.0 0.0 0.0 0.0 0.0 0.001459529 0.003013035 0.004694294
4.76 0.0 0.0 0.0 0.0 0.0 0.0 0.002075606 0.0002461479 0.004160224
4.78 0.0 0.0 0.0 0.0 0.0 0.0 0.001069162 -0.0006884095 0.003751618
4.8 0.0 0.0 0.0 0.0 0.0 0.0 0.004239986 0.006123007 0.004596512
4.82 0.0 0.0 0.0 0.0 0.0 0.0 0.006520449 0.009722826 0.006646075
4.84 0.0 0.0 0.0 0.0 0.0 0.0 0.004347495 0.008430735 0.007724172
4.86 0.0 0.0 0.0 0.0 0.0 0.0 0.002942762 0.006776758 0.007066781
4.88 0.0 0.0 0.0 0.0 0.0 0.0 0.001989791 0.00516492 0.005841342
4.9 0.0 0.0 0.0 0.0 0.0 0.0 0.001096692 0.003816486 0.004896006
4.92 0.0 0.0 0.0 0.0 0.0 0.0 0.001282487 0.001662145 0.004072384
4.94 0.0 0.0 0.0 0.0 0.0 0.0 0.001261649 0.0004783067 0.003212667
4.96 0.0 0.0 0.0 0.0 0.0 0.0 0.0006376104 0.0007479883 0.002557735
4.98 0.0 0.0 0.0 0.0 0.0 0.0 0.000679689 0.0001668676 0.002244387
5.0 0.0 0.0 0.0 0.0 0.0 0.0 0.0005938651 -0.0001193891 0.002011799
5.0200000000000005 0.0 0.0 0.0 0.0 0.0 0.0 6.503757e-05 0.0009916794 0.0010603
5.04 0.0 0.0 0.0 0.0 0.0 0.0 2.33568e-05 0.001249543 -0.0002509124
5.0600000000000005 0.0 0.0 0.0 0.0 0.0 0.0 0.0001882145 0.001252482 -0.0008851216
5.08 0.0 0.0 0.0 0.0 0.0 0.0 5.966884e-05 0.001239967 -0.0007977477
5.1000000000000005 0.0 0.0 0.0 0.0 0.0 0.0 -0.0005693438 0.001590307 -3.494978e-05
5.12 0.0 0.0 0.0 0.0 0.0 0.0 0.001035599 -0.0002869099 0.001231855
5.14 0.0 0.0 0.0 0.0 0.0 0.0 -0.0004458673 0.001815719 0.0009509583
5.16 0.0 0.0 0.0 0.0 0.0 0.0 0.0008567127 -0.0001122776 0.0002445373
5.18 0.0 0.0 0.0 0.0 0.0 0.0 0.0004155926 0.0008641394 -0.001653809
5.2 0.0 0.0 0.0 0.0 0.0 0.0 0.0009431069 0.0006427787 -0.003487504
5.22 0.0 0.0 0.0 0.0 0.0 0.0 0.0001905917 0.000796997 -0.003650468
5.24 0.0 0.0 0.0 0.0 0.0 0.0 -0.0001358333 0.0004664723 -0.003041136
5.26 0.0 0.0 0.0 0.0 0.0 0.0 -0.0002185831 -6.709716e-05 -0.002909517
5.28 0.0 0.0 0.0 0.0 0.0 0.0 0.0001046389 -0.001029572 -0.002762918
5.3 0.0 0.0 0.0 0.0 0.0 0.0 0.0001784875 -0.0010675 -0.001843435
5.32 0.0 0.0 0.0 0.0 0.0 0.0 -0.0001389171 -0.001343723 -0.0006708066
5.34 0.0 0.0 0.0 0.0 0.0 0.0 -7.962806e-05 -0.001564995 -1.645598e-05
5.36 0.0 0.0 0.0 0.0 0.0 0.0 0.0003602797 -0.001400003 9.437601e-05
5.38 0.0 0.0 0.0 0.0 0.0 0.0 0.000284329 -0.001011791 0.0003258765
5.4 0.0 0.0 0.0 0.0 0.0 0.0 6.897913e-05 -0.0009368197 0.0006974767
5.42 0.0 0.0 0.0 0.0 0.0 0.0 -0.000146295 -0.001221069 0.000939393
5.44 0.0 0.0 0.0 0.0 0.0 0.0 -7.075339e-05 -0.001616353 0.0007182836
5.46 0.0 0.0 0.0 0.0 0.0 0.0 -0.00063197 -0.00158153 0.0001174544
5.48 0.0 0.0 0.0 0.0 0.0 0.0 -0.001803904 -0.0007028453 -0.0004825177
5.5 0.0 0.0 0.0 0.0 0.0 0.0 -0.001483973 -0.0009314288 -0.0007918051
5.5200000000000005 0.0 0.0 0.0 0.0 0.0 0.0 -0.001846698 -0.001089698 -0.0007868701
5.54 0.0 0.0 0.0 0.0 0.0 0.0 -0.001454687 -0.0001214947 -0.0007812051
5.5600000000000005 0.0 0.0 0.0 0.0 0.0 0.0 -0.002361664 0.0003232386 0.0001591233
5.58 0.0 0.0 0.0 0.0 0.0 0.0 -0.00187549 0.0007968829 -0.0002307375
5.6000000000000005 0.0 0.0 0.0 0.0 0.0 0.0 -0.002109587 0.001846438 -0.0002061733
5.62 0.0 0.0 0.0 0.0 0.0 0.0 -0.0008386887 0.0007680678 0.00037705
5.64 0.0 0.0 0.0 0.0 0.0 0.0 -0.0004139228 -0.0001200655 0.0007680366
5.66 0.0 0.0 0.0 0.0 0.0 0.0 -0.0006875431 0.000509873 0.0003242678
5.68 0.0 0.0 0.0 0.0 0.0 0.0 3.510856e-05 6.017803e-05 -0.001249841
5.7 0.0 0.0 0.0 0.0 0.0 0.0 0.0002317465 -0.0003145358 -0.002229435
5.72 0.0 0.0 0.0 0.0 0.0 0.0 -0.0001655535 -0.0006626809 -0.00158407
5.74 0.0 0.0 0.0 0.0 0.0 0.0 0.0002335149 -0.001131323 -0.0005547573
5.76 0.0 0.0 0.0 0.0 0.0 0.0 0.0003001432 -0.0005777657 -0.0001724027
5.78 0.0 0.0 0.0 0.0 0.0 0.0 0.001115158 -0.0003735131 -0.000486765
5.8 0.0 0.0 0.0 0.0 0.0 0.0 0.0009901953 -0.002207198 -0.001135846
5.82 0.0 0.0 0.0 0.0 0.0 0.0 0.001081701 -0.00249946 -0.001296692
5.84 0.0 0.0 0.0 0.0 0.0 0.0 0.0008207679 -0.001273516 -0.001026036
5.86 0.0 0.0 0.0 0.0 0.0 0.0 0.001030757 -0.0005289835 -0.0004793142
5.88 0.0 0.0 0.0 0.0 0.0 0.0 0.001131298 0.0001149554 0.0002598852
5.9 0.0 0.0 0.0 0.0 0.0 0.0 0.0005698177 0.001261657 0.0009642851
5.92 0.0 0.0 0.0 0.0 0.0 0.0 0.0001402854 0.001788035 0.001390337
5.94 0.0 0.0 0.0 0.0 0.0 0.0 0.0003442556 0.0009984356 0.001553313
5.96 0.0 0.0 0.0 0.0 0.0 0.0 -0.000273944 0.000479295 0.001478423
5.98 0.0 0.0 0.0 0.0 0.0 0.0 -0.0005544642 -0.0006052278 0.001101078
6.0 0.0 0.0 0.0 0.0 0.0 0.0 -0.0003857455 -0.0003525432 0.001323946
6.0200000000000005 0.0 0.0 0.0 0.0 0.0 0.0 -0.0007767075 -0.0002968777 0.001235594
6.04 0.0 0.0 0.0 0.0 0.0 0.0 -0.001255409 -0.0003180073 0.001542552
6.0600000000000005 0.0 0.0 0.0 0.0 0.0 0.0 -0.001225675 -0.001075872 0.001768185
6.08 0.0 0.0 0.0 0.0 0.0 0.0 -0.001544722 -0.0001731813 0.0008735318
6.1000000000000005 0.0 0.0 0.0 0.0 0.0 0.0 -0.001623025 0.001103148 -0.0001228689
6.12 0.0 0.0 0.0 0.0 0.0 0.0 -0.0009265837 0.00105403 0.0001088008
6.140000000000001 0.0 0.0 0.0 0.0 0.0 0.0 -0.001121631 0.0009016505 0.001381211
6.16 0.0 0.0 0.0 0.0 0.0 0.0 -0.0006238901 0.0001960157 0.002655697
6.18 0.0 0.0 0.0 0.0 0.0 0.0 -0.0006269708 0.0002808632 0.002919986
6.2 0.0 0.0 0.0 0.0 0.0 0.0 -0.0004891904 0.0001672995 0.002286157
6.22 0.0 0.0 0.0 0.0 0.0 0.0 -0.0004416886 0.0002363048 0.00154289
6.24 0.0 0.0 0.0 0.0 0.0 0.0 1.593851e-05 0.0001589734 0.0008760757
6.26 0.0 0.0 0.0 0.0 0.0 0.0 0.0002529201 0.0005691589 4.04685e-05
6.28 0.0 0.0 0.0 0.0 0.0 0.0 0.0007611827 0.0002569587 -0.0007693291
6.3 0.0 0.0 0.0 0.0 0.0 0.0 0.001139645 -0.000214674 -0.001122461
6.32 0.0 0.0 0.0 0.0 0.0 0.0 0.001934852 -0.0006744526 -0.001436658
6.34 0.0 0.0 0.0 0.0 0.0 0.0 0.001855727 -0.001175086 -0.001630406
6.36 0.0 0.0 0.0 0.0 0.0 0.0 0.001282548 -0.0002960555 -0.001669315
6.38 0.0 0.0 0.0 0.0 0.0 0.0 0.001787784 -0.001247512 -0.0008108761
6.4 0.0 0.0 0.0 0.0 0.0 0.0 0.001466737 -0.0001757207 -0.0002615312
6.42 0.0 0.0 0.0 0.0 0.0 0.0 0.001184618 0.0002000634 -2.83648e-05
6.44 0.0 0.0 0.0 0.0 0.0 0.0 0.001105473 0.0008467939 0.0006519141
6.46 0.0 0.0 0.0 0.0 0.0 0.0 0.0002881518 0.001571283 0.001176801
6.48 0.0 0.0 0.0 0.0 0.0 0.0 -0.0001119606 0.0005950928 0.0008942995
6.5 0.0 0.0 0.0 0.0 0.0 0.0 -0.0002005021 -0.0009842754 -5.967279e-05
6.5200000000000005 0.0 0.0 0.0 0.0 0.0 0.0 -0.00132142 -0.0002336277 -0.000959901
6.54 0.0 0.0 0.0 0.0 0.0 0.0 -0.001588491 8.21179e-05 -0.001021618
6.5600000000000005 0.0 0.0 0.0 0.0 0.0 0.0 -0.001440238 3.861544e-05 -0.001015373
6.58 0.0 0.0 0.0 0.0 0.0 0.0 -0.001596604 0.0002141145 -0.00148891
6.6000000000000005 0.0 0.0 0.0 0.0 0.0 0.0 -0.001638326 0.0006455116 -0.001925852
6.62 0.0 0.0 0.0 0.0 0.0 0.0 -0.001672553 3.669543e-05 -0.001345476
6.640000000000001 0.0 0.0 0.0 0.0 0.0 0.0 -0.001883838 -0.0001560689 0.0001865892
6.66 0.0 0.0 0.0 0.0 0.0 0.0 -0.00180019 7.005286e-05 0.001503782
6.68 0.0 0.0 0.0 0.0 0.0 0.0 -0.0005398646 -0.0009239289 0.002096382
6.7 0.0 0.0 0.0 0.0 0.0 0.0 6.438638e-05 -0.0006106386 0.001981726
6.72 0.0 0.0 0.0 0.0 0.0 0.0 0.0002329051 2.83505e-05 0.001037727
6.74 0.0 0.0 0.0 0.0 0.0 0.0 0.001149602 -0.0006110166 3.043422e-05
6.76 0.0 0.0 0.0 0.0 0.0 0.0 0.0007566444 -1.146493e-05 -0.0005600297
6.78 0.0 0.0 0.0 0.0 0.0 0.0 0.00128999 -0.001011086 -0.0001797182
6.8 0.0 0.0 0.0 0.0 0.0 0.0 0.0009004334 0.0002864947 -0.000233793
6.82 0.0 0.0 0.0 0.0 0.0 0.0 0.001775896 -0.0008596891 2.658757e-06
6.84 0.0 0.0 0.0 0.0 0.0 0.0 0.001371982 -0.0005233284 -0.0002036618
6.86 0.0 0.0 0.0 0.0 0.0 0.0 0.002058193 -0.001620463 -0.0009557772
6.88 0.0 0.0 0.0 0.0 0.0 0.0 0.0006902164 -0.0005604221 -0.001147207
6.9 0.0 0.0 0.0 0.0 0.0 0.0 1.636881e-05 0.0003729766 -0.001046449
6.92 0.0 0.0 0.0 0.0 0.0 0.0 0.0001457771 0.0006433984 -0.0009255078
6.94 0.0 0.0 0.0 0.0 0.0 0.0 0.0001569747 0.001338647 -7.684501e-05
6.96 0.0 0.0 0.0 0.0 0.0 0.0 -0.0006106277 0.002150161 0.0006695486
6.98 0.0 0.0 0.0 0.0 0.0 0.0 -0.0004466459 0.001173596 0.000695413
7.0 0.0 0.0 0.0 0.0 0.0 0.0 -0.0009843474 0.001610169 -8.345263e-05
7.0200000000000005 0.0 0.0 0.0 0.0 0.0 0.0 -0.000513941 0.0008528907 -0.000851249
7.04 0.0 0.0 0.0 0.0 0.0 0.0 -0.0006594174 9.16184e-05 -0.0008555824
7.0600000000000005 0.0 0.0 0.0 0.0 0.0 0.0 -0.0007030162 -0.0002484056 -0.0003398236
7.08 0.0 0.0 0.0 0.0 0.0 0.0 -0.001259275 -0.0007038479 0.0003821844
7.1000000000000005 0.0 0.0 0.0 0.0 0.0 0.0 -0.001249581 -0.001158966 0.0006242467
7.12 0.0 0.0 0.0 0.0 0.0 0.0 -0.001311394 -0.001318917 0.0003877497
7.140000000000001 0.0 0.0 0.0 0.0 0.0 0.0 -0.001343953 -0.0009440735 4.490798e-05
7.16 0.0 0.0 0.0 0.0 0.0 0.0 -0.0007344742 -0.0009443285 -0.0004369117
7.18 0.0 0.0 0.0 0.0 0.0 0.0 -0.0001645609 -0.0006019373 -0.0003594148
7.2 0.0 0.0 0.0 0.0 0.0 0.0 0.001077631 -0.0007430703 -0.0003408176
7.22 0.0 0.0 0.0 0.0 0.0 0.0 0.0007893177 -6.237192e-05 0.0001931152
7.24 0.0 0.0 0.0 0.0 0.0 0.0 0.001393226 -8.709441e-05 -0.0002732572
7.26 0.0 0.0 0.0 0.0 0.0 0.0 0.001052982 0.0008007257 -0.0004585077
7.28 0.0 0.0 0.0 0.0 0.0 0.0 0.001346036 0.0009333891 0.0001136828
7.3 0.0 0.0 0.0 0.0 0.0 0.0 0.001251282 0.001132058 0.0003515833
7.32 0.0 0.0 0.0 0.0 0.0 0.0 0.0007733114 0.001697039 0.0002028144
7.34 0.0 0.0 0.0 0.0 0.0 0.0 0.001156626 0.001308223 -0.0002990515
7.36 0.0 0.0 0.0 0.0 0.0 0.0 0.001948368 0.0001355528 -0.0009494548
7.38 0.0 0.0 0.0 0.0 0.0 0.0 0.001592127 -0.0008224074 -0.001374374
7.4 0.0 0.0 0.0 0.0 0.0 0.0 0.0006981567 -0.001118447 -0.001423838
7.42 0.0 0.0 0.0 0.0 0.0 0.0 1.077345e-06 -0.0004113942 -0.0009881457
7.44 0.0 0.0 0.0 0.0 0.0 0.0 0.0003848729 -0.0005320197 -0.000218792
7.46 0.0 0.0 0.0 0.0 0.0 0.0 -0.0001583492 0.0004407024 0.0004971817
7.48 0.0 0.0 0.0 0.0 0.0 0.0 7.448447e-05 0.000368101 0.0007951209
7.5 0.0 0.0 0.0 0.0 0.0 0.0 -0.0003646978 7.578575e-05 0.0004047691
7.5200000000000005 0.0 0.0 0.0 0.0 0.0 0.0 -0.001297195 0.0005339049 0.0003808774
7.54 0.0 0.0 0.0 0.0 0.0 0.0 -0.002019665 0.0001853429 0.000752639
7.5600000000000005 0.0 0.0 0.0 0.0 0.0 0.0 -0.00159513 -0.0008380627 0.001082225
7.58 0.0 0.0 0.0 0.0 0.0 0.0 -0.00202355 0.0002165687 0.001192286
7.6000000000000005 0.0 0.0 0.0 0.0 0.0 0.0 -0.001991915 0.0003687223 0.001079056
7.62 0.0 0.0 0.0 0.0 0.0 0.0 -0.001181072 0.0001576852 0.0005405973
7.640000000000001 0.0 0.0 0.0 0.0 0.0 0.0 -0.00114398 -0.0001113985 -0.0006193051
7.66 0.0 0.0 0.0 0.0 0.0 0.0 -0.001284505 0.0008523638 -0.0007669957
7.68 0.0 0.0 0.0 0.0 0.0 0.0 -0.0003389714 -0.0001601453 -0.00067006
7.7 0.0 0.0 0.0 0.0 0.0 0.0 -0.0005812933 7.262312e-05 -0.0001156867
7.72 0.0 0.0 0.0 0.0 0.0 0.0 0.001228129 -0.001612471 0.0009969879
7.74 0.0 0.0 0.0 0.0 0.0 0.0 0.001733341 -0.001000962 0.001078082
7.76 0.0 0.0 0.0 0.0 0.0 0.0 0.001796504 0.0001004216 1.94727e-05
7.78 0.0 0.0 0.0 0.0 0.0 0.0 0.001903648 0.0002088725 -0.001244225
7.8 0.0 0.0 0.0 0.0 0.0 0.0 0.002011208 2.715595e-05 -0.001875843
7.82 0.0 0.0 0.0 0.0 0.0 0.0 0.002130988 0.0005105942 -0.001863634
7.84 0.0 0.0 0.0 0.0 0.0 0.0 0.002642954 -0.0001062365 -0.001423117
7.86 0.0 0.0 0.0 0.0 0.0 0.0 0.002261489 7.888384e-05 -0.0007286776
7.88 0.0 0.0 0.0 0.0 0.0 0.0 0.001811029 -0.0001548172 -0.0007558055
7.9 0.0 0.0 0.0 0.0 0.0 0.0 0.001075124 -0.0006562173 -0.001540068
7.92 0.0 0.0 0.0 0.0 0.0 0.0 0.0005401851 -0.0008936018 -0.002274636
7.94 0.0 0.0 0.0 0.0 0.0 0.0 -0.0005896305 0.0002292744 -0.002608599
7.96 0.0 0.0 0.0 0.0 0.0 0.0 -0.0008308712 0.0004113813 -0.002361053
7.98 0.0 0.0 0.0 0.0 0.0 0.0 -0.001279336 0.0007713715 -0.001668293
8.0 0.0 0.0 0.0 0.0 0.0 0.0 -0.001227946 0.0006039653 -0.0003257894
8.02 0.0 0.0 0.0 0.0 0.0 0.0 -0.001875214 0.00131645 9.510649e-05
8.040000000000001 0.0 0.0 0.0 0.0 0.0 0.0 -0.001956809 0.001041563 0.000584381
8.06 0.0 0.0 0.0 0.0 0.0 0.0 -0.001295914 0.0007735299 0.0007816041
8.08 0.0 0.0 0.0 0.0 0.0 0.0 -0.001087373 0.0004321099 0.0005855456
8.1 0.0 0.0 0.0 0.0 0.0 0.0 -0.0003165444 0.0001196714 0.0012721
8.120000000000001 0.0 0.0 0.0 0.0 0.0 0.0 -0.0005840504 -0.0001089919 0.002318262
8.14 0.0 0.0 0.0 0.0 0.0 0.0 -0.0007949311 -0.0008510386 0.002685726
8.16 0.0 0.0 0.0 0.0 0.0 0.0 -0.0008440921 -0.001806856 0.002445055
8.18 0.0 0.0 0.0 0.0 0.0 0.0 -0.001574489 -0.001164456 0.002022489
8.2 0.0 0.0 0.0 0.0 0.0 0.0 -0.0008600661 -0.001002517 0.001182776
8.22 0.0 0.0 0.0 0.0 0.0 0.0 7.908616e-05 -0.001147374 -9.712979e-05
8.24 0.0 0.0 0.0 0.0 0.0 0.0 0.0008452587 -0.001914934 -0.001103326
8.26 0.0 0.0 0.0 0.0 0.0 0.0 0.001782357 -0.002020422 -0.00184458
8.28 0.0 0.0 0.0 0.0 0.0 0.0 0.001002614 0.0001216937 -0.002253853
8.3 0.0 0.0 0.0 0.0 0.0 0.0 0.001747943 0.0005063505 -0.002035626
8.32 0.0 0.0 0.0 0.0 0.0 0.0 0.001324923 0.001113892 -0.001329344
8.34 0.0 0.0 0.0 0.0 0.0 0.0 0.001637469 0.001394629 -0.0004340814
8.36 0.0 0.0 0.0 0.0 0.0 0.0 0.0018006 0.001503348 3.998485e-05
8.38 0.0 0.0 0.0 0.0 0.0 0.0 0.00197078 0.001253724 -0.0001880263
8.4 0.0 0.0 0.0 0.0 0.0 0.0 0.001677906 0.001189395 -0.001013409
8.42 0.0 0.0 0.0 0.0 0.0 0.0 0.0005572151 0.000888588 -0.002313925
8.44 0.0 0.0 0.0 0.0 0.0 0.0 0.0008738196 -0.001112379 -0.002211441
8.46 0.0 0.0 0.0 0.0 0.0 0.0 -0.0008204462 -0.0001400492 -0.002038502
8.48 0.0 0.0 0.0 0.0 0.0 0.0 -0.0002627347 -0.000246941 -0.001713231
8.5 0.0 0.0 0.0 0.0 0.0 0.0 1.315462e-05 -0.0006656678 -0.00154157
8.52 0.0 0.0 0.0 0.0 0.0 0.0 -0.0006400207 0.0002966807 -0.002007105
8.540000000000001 0.0 0.0 0.0 0.0 0.0 0.0 -0.000698079 0.000219094 -0.002248292
8.56 0.0 0.0 0.0 0.0 0.0 0.0 -0.001634327 0.001169514 -0.001726141
8.58 0.0 0.0 0.0 0.0 0.0 0.0 -0.0009330797 -0.0002878169 -0.0008082717
8.6 0.0 0.0 0.0 0.0 0.0 0.0 -0.0006493856 -0.001205113 0.0004715971
8.620000000000001 0.0 0.0 0.0 0.0 0.0 0.0 -0.001180323 0.0001054431 0.002090964
8.64 0.0 0.0 0.0 0.0 0.0 0.0 -0.0008238608 0.0001845542 0.003212585
8.66 0.0 0.0 0.0 0.0 0.0 0.0 -0.0009877077 -0.0001698307 0.002789457
8.68 0.0 0.0 0.0 0.0 0.0 0.0 -0.0007063439 -5.050067e-05 0.001637661
8.700000000000001 0.0 0.0 0.0 0.0 0.0 0.0 -0.0005126083 -0.0004029069 0.000447711
8.72 0.0 0.0 0.0 0.0 0.0 0.0 0.0004689498 -0.0006685301 -0.000370731
8.74 0.0 0.0 0.0 0.0 0.0 0.0 0.0009663687 -0.0007302841 -0.0003328076
8.76 0.0 0.0 0.0 0.0 0.0 0.0 0.001117471 -0.001283109 0.0003818697
8.78 0.0 0.0 0.0 0.0 0.0 0.0 0.001287014 -0.002016663 0.0009031353
8.8 0.0 0.0 0.0 0.0 0.0 0.0 0.0005286128 -0.0004232725 0.0002038389
8.82 0.0 0.0 0.0 0.0 0.0 0.0 0.001323262 8.239704e-05 -0.001392775
8.84 0.0 0.0 0.0 0.0 0.0 0.0 0.0008906152 0.0008309963 -0.002330868
8.86 0.0 0.0 0.0 0.0 0.0 0.0 0.001751305 0.0001791273 -0.002280566
8.88 0.0 0.0 0.0 0.0 0.0 0.0 0.001202507 0.001124801 -0.0008784366
8.9 0.0 0.0 0.0 0.0 0.0 0.0 0.0009500401 0.0003514107 0.0003790114
8.92 0.0 0.0 0.0 0.0 0.0 0.0 0.0004472214 0.001032035 0.0007391844
8.94 0.0 0.0 0.0 0.0 0.0 0.0 0.0002645017 0.0008246245 0.0001337605
8.96 0.0 0.0 0.0 0.0 0.0 0.0 0.0002429815 9.220161e-05 -0.001342884
8.98 0.0 0.0 0.0 0.0 0.0 0.0 -0.0005362413 0.0001071085 -0.002882625
